0.05	0.05	0.95	0.00	0.00	0.00	1
0.05	0.05	0.95	0.00	0.00	0.00	53
0.05	0.05	0.95	0.00	0.00	0.00	105
0.05	0.05	0.95	0.00	0.00	0.00	158
0.05	0.05	0.95	0.00	0.00	0.00	211
0.05	0.05	0.95	0.00	0.00	0.00	263
0.05	0.05	0.95	0.00	0.00	0.00	315
0.05	0.05	0.95	0.00	0.00	0.00	368
0.05	0.05	0.95	0.00	0.00	0.00	421
0.05	0.05	0.95	0.00	0.00	0.00	473
0.05	0.05	0.95	0.00	0.00	0.00	525
0.05	0.05	0.95	0.00	0.00	0.00	577
0.05	0.05	0.95	0.00	0.00	0.00	631
0.05	0.05	0.95	0.00	0.00	0.00	683
0.05	0.05	0.95	0.00	0.00	0.00	735
0.05	0.05	0.95	0.00	0.00	0.00	787
0.05	0.05	0.95	0.00	0.00	0.00	841
0.05	0.05	0.95	0.00	0.00	0.00	893
0.05	0.05	0.95	0.00	0.00	0.00	945
0.05	0.05	0.95	0.00	0.00	0.00	997
0.05	0.05	0.94	0.00	0.00	0.00	1051
0.05	0.05	0.95	0.00	0.00	0.00	1103
0.05	0.05	0.95	0.00	0.00	0.00	1155
0.05	0.05	0.95	0.00	0.00	0.00	1207
0.05	0.05	0.95	0.00	0.00	0.00	1260
0.05	0.05	0.95	0.00	0.00	0.00	1313
0.05	0.05	0.95	0.00	0.00	0.00	1365
0.05	0.05	0.95	0.00	0.00	0.00	1418
0.05	0.05	0.95	0.00	0.00	0.00	1470
0.05	0.05	0.95	0.00	0.00	0.00	1523
0.05	0.05	0.95	0.00	0.00	0.00	1575
0.05	0.05	0.94	0.00	0.00	0.00	1628
0.05	0.05	0.95	0.00	0.00	0.00	1680
0.05	0.05	0.95	0.00	0.00	0.00	1732
0.05	0.05	0.95	0.00	0.00	0.00	1786
0.05	0.05	0.95	0.00	0.00	0.00	1838
0.05	0.05	0.95	0.00	0.00	0.00	1890
0.05	0.05	0.95	0.00	0.00	0.00	1942
0.05	0.05	0.95	0.00	0.00	0.00	1996
0.05	0.05	0.95	0.00	0.00	0.00	2048
0.05	0.05	0.95	0.00	0.00	0.00	2100
0.05	0.05	0.94	0.00	0.00	0.00	2153
0.05	0.05	0.95	0.00	0.00	0.00	2206
0.05	0.05	0.95	0.00	0.00	0.00	2258
0.05	0.05	0.94	0.00	0.00	0.00	2311
0.05	0.05	0.95	0.00	0.00	0.00	2363
0.05	0.05	0.95	0.00	0.00	0.00	2416
0.05	0.05	0.95	0.00	0.00	0.00	2468
0.05	0.05	0.95	0.00	0.00	0.00	2521
0.05	0.05	0.95	0.00	0.00	0.00	2573
0.05	0.05	0.95	0.00	0.00	0.00	2625
0.05	0.05	0.94	0.00	0.00	0.00	2679
0.05	0.05	0.95	0.00	0.00	0.00	2731
0.05	0.05	0.95	0.00	0.00	0.00	2783
0.05	0.05	0.95	0.00	0.00	0.00	2835
0.05	0.05	0.95	0.00	0.00	0.00	2889
0.05	0.05	0.95	0.00	0.00	0.00	2941
0.05	0.05	0.95	0.00	0.00	0.00	2993
0.05	0.05	0.95	0.00	0.00	0.00	3046
0.05	0.05	0.95	0.00	0.00	0.00	3099
0.05	0.05	0.94	0.00	0.00	0.00	3151
0.05	0.05	0.94	0.00	0.00	0.00	3203
0.05	0.05	0.95	0.00	0.00	0.00	3256
0.05	0.05	0.94	0.00	0.00	0.00	3308
0.05	0.05	0.95	0.00	0.00	0.00	3361
0.05	0.05	0.95	0.00	0.00	0.00	3414
0.05	0.05	0.95	0.00	0.00	0.00	3466
0.05	0.05	0.95	0.00	0.00	0.00	3518
0.05	0.05	0.95	0.00	0.00	0.00	3571
0.05	0.05	0.95	0.00	0.00	0.00	3624
0.05	0.05	0.95	0.00	0.00	0.00	3676
0.05	0.05	0.95	0.00	0.00	0.00	3728
0.05	0.05	0.95	0.00	0.00	0.00	3782
0.05	0.05	0.95	0.00	0.00	0.00	3834
0.05	0.05	0.95	0.00	0.00	0.00	3886
0.05	0.05	0.95	0.00	0.00	0.00	3939
0.05	0.05	0.95	0.00	0.00	0.00	3991
0.05	0.05	0.95	0.00	0.00	0.00	4044
0.05	0.05	0.94	0.00	0.00	0.00	4096
0.05	0.05	0.95	0.00	0.00	0.00	4149
0.05	0.05	0.95	0.00	0.00	0.00	4201
0.05	0.05	0.95	0.00	0.00	0.00	4254
0.05	0.05	0.95	0.00	0.00	0.00	4307
0.05	0.05	0.95	0.00	0.00	0.00	4359
0.05	0.05	0.95	0.00	0.00	0.00	4411
0.05	0.05	0.95	0.00	0.00	0.00	4464
0.05	0.05	0.95	0.00	0.00	0.00	4517
0.05	0.05	0.95	0.00	0.00	0.00	4569
0.05	0.05	0.95	0.00	0.00	0.00	4621
0.05	0.05	0.95	0.00	0.00	0.00	4674
0.05	0.05	0.95	0.00	0.00	0.00	4727
0.05	0.05	0.95	0.00	0.00	0.00	4779
0.05	0.05	0.95	0.00	0.00	0.00	4831
0.05	0.05	0.95	0.00	0.00	0.00	4884
0.05	0.05	0.95	0.00	0.00	0.00	4937
0.05	0.05	0.95	0.00	0.00	0.00	4989
0.05	0.05	0.95	0.00	0.00	0.00	5042
0.05	0.05	0.95	0.00	0.00	0.00	5094
0.05	0.05	0.95	0.00	0.00	0.00	5147
0.05	0.05	0.95	0.00	0.00	0.00	5199
0.05	0.05	0.95	0.00	0.00	0.00	5252
0.05	0.05	0.95	0.00	0.00	0.00	5304
0.05	0.05	0.95	0.00	0.00	0.00	5356
0.05	0.05	0.95	0.00	0.00	0.00	5410
0.05	0.05	0.95	0.00	0.00	0.00	5462
0.05	0.05	0.95	0.00	0.00	0.00	5514
0.05	0.05	0.94	0.00	0.00	0.00	5567
0.05	0.05	0.95	0.00	0.00	0.00	5620
0.05	0.05	0.95	0.00	0.00	0.00	5672
0.05	0.05	0.94	0.00	0.00	0.00	5724
0.05	0.05	0.95	0.00	0.00	0.00	5777
0.05	0.05	0.95	0.00	0.00	0.00	5830
0.05	0.05	0.95	0.00	0.00	0.00	5882
0.05	0.05	0.95	0.00	0.00	0.00	5935
0.05	0.05	0.95	0.00	0.00	0.00	5987
0.05	0.05	0.95	0.00	0.00	0.00	6039
0.05	0.05	0.95	0.00	0.00	0.00	6092
0.05	0.05	0.95	0.00	0.00	0.00	6145
0.05	0.05	0.95	0.00	0.00	0.00	6197
0.05	0.05	0.95	0.00	0.00	0.00	6249
0.05	0.05	0.95	0.00	0.00	0.00	6303
0.05	0.05	0.95	0.00	0.00	0.00	6355
0.05	0.05	0.95	0.00	0.00	0.00	6407
0.05	0.05	0.95	0.00	0.00	0.00	6459
0.05	0.05	0.94	0.00	0.00	0.00	6513
0.05	0.05	0.95	0.00	0.00	0.00	6565
0.05	0.05	0.95	0.00	0.00	0.00	6617
0.05	0.05	0.95	0.00	0.00	0.00	6670
0.05	0.05	0.95	0.00	0.00	0.00	6722
0.05	0.05	0.95	0.00	0.00	0.00	6775
0.05	0.05	0.95	0.00	0.00	0.00	6828
0.05	0.05	0.95	0.00	0.00	0.00	6880
0.05	0.05	0.94	0.00	0.00	0.00	6932
0.05	0.05	0.95	0.00	0.00	0.00	6985
0.05	0.05	0.95	0.00	0.00	0.00	7038
0.05	0.05	0.94	0.00	0.00	0.00	7090
0.05	0.05	0.95	0.00	0.00	0.00	7142
0.05	0.05	0.95	0.00	0.00	0.00	7196
0.05	0.05	0.95	0.00	0.00	0.00	7248
0.05	0.05	0.95	0.00	0.00	0.00	7300
0.05	0.05	0.95	0.00	0.00	0.00	7352
0.05	0.05	0.95	0.00	0.00	0.00	7405
0.05	0.05	0.94	0.00	0.00	0.00	7458
0.05	0.05	0.95	0.00	0.00	0.00	7510
0.05	0.05	0.95	0.00	0.00	0.00	7563
0.05	0.05	0.94	0.00	0.00	0.00	7615
0.05	0.05	0.95	0.00	0.00	0.00	7668
0.05	0.05	0.95	0.00	0.00	0.00	7720
0.05	0.05	0.94	0.00	0.00	0.00	7773
0.05	0.05	0.95	0.00	0.00	0.00	7825
0.05	0.05	0.94	0.00	0.00	0.00	7878
0.05	0.05	0.95	0.00	0.00	0.00	7931
0.05	0.05	0.94	0.00	0.00	0.00	7983
0.05	0.05	0.95	0.00	0.00	0.00	8035
0.05	0.05	0.95	0.00	0.00	0.00	8087
0.05	0.05	0.95	0.00	0.00	0.00	8141
0.05	0.05	0.95	0.00	0.00	0.00	8193
0.05	0.05	0.94	0.00	0.00	0.00	8245
0.05	0.05	0.95	0.00	0.00	0.00	8298
0.05	0.05	0.95	0.00	0.00	0.00	8351
0.05	0.05	0.94	0.00	0.00	0.00	8403
0.05	0.05	0.95	0.00	0.00	0.00	8456
0.05	0.05	0.95	0.00	0.00	0.00	8508
0.05	0.05	0.95	0.00	0.00	0.00	8561
0.05	0.05	0.95	0.00	0.00	0.00	8613
0.05	0.05	0.95	0.00	0.00	0.00	8666
0.05	0.05	0.95	0.00	0.00	0.00	8718
0.05	0.05	0.95	0.00	0.00	0.00	8770
0.05	0.05	0.95	0.00	0.00	0.00	8824
0.05	0.05	0.95	0.00	0.00	0.00	8876
0.05	0.05	0.95	0.00	0.00	0.00	8928
0.05	0.05	0.95	0.00	0.00	0.00	8980
0.05	0.05	0.95	0.00	0.00	0.00	9034
0.05	0.05	0.95	0.00	0.00	0.00	9086
0.05	0.05	0.95	0.00	0.00	0.00	9138
0.05	0.05	0.94	0.00	0.00	0.00	9191
0.05	0.05	0.95	0.00	0.00	0.00	9244
0.05	0.05	0.95	0.00	0.00	0.00	9296
0.05	0.05	0.95	0.00	0.00	0.00	9348
0.05	0.05	0.95	0.00	0.00	0.00	9401
0.05	0.05	0.95	0.00	0.00	0.00	9453
0.05	0.05	0.95	0.00	0.00	0.00	9506
0.05	0.05	0.94	0.00	0.00	0.00	9559
0.05	0.05	0.95	0.00	0.00	0.00	9611
0.05	0.05	0.95	0.00	0.00	0.00	9663
0.05	0.05	0.95	0.00	0.00	0.00	9717
0.05	0.05	0.95	0.00	0.00	0.00	9769
0.05	0.05	0.95	0.00	0.00	0.00	9821
0.05	0.05	0.95	0.00	0.00	0.00	9873
0.05	0.05	0.94	0.00	0.00	0.00	9927
0.05	0.05	0.95	0.00	0.00	0.00	9979
0.05	0.05	0.95	0.00	0.00	0.00	10031
0.05	0.05	0.95	0.00	0.00	0.00	10084
0.05	0.05	0.95	0.00	0.00	0.00	10136
0.05	0.05	0.95	0.00	0.00	0.00	10189
0.05	0.05	0.95	0.00	0.00	0.00	10242
0.05	0.05	0.95	0.00	0.00	0.00	10294
0.05	0.05	0.94	0.00	0.00	0.00	10346
0.05	0.05	0.95	0.00	0.00	0.00	10400
0.05	0.05	0.95	0.00	0.00	0.00	10452
0.05	0.05	0.95	0.00	0.00	0.00	10504
0.05	0.05	0.95	0.00	0.00	0.00	10557
0.05	0.05	0.95	0.00	0.00	0.00	10610
0.05	0.05	0.95	0.00	0.00	0.00	10662
0.05	0.05	0.94	0.00	0.00	0.00	10715
0.05	0.05	0.95	0.00	0.00	0.00	10767
0.05	0.05	0.95	0.00	0.00	0.00	10819
0.05	0.05	0.94	0.00	0.00	0.00	10873
0.05	0.05	0.95	0.00	0.00	0.00	10925
0.05	0.05	0.95	0.00	0.00	0.00	10977
0.05	0.05	0.95	0.00	0.00	0.00	11030
0.05	0.05	0.95	0.00	0.00	0.00	11083
0.05	0.05	0.95	0.00	0.00	0.00	11135
0.05	0.05	0.95	0.00	0.00	0.00	11188
0.05	0.04	0.92	0.00	0.00	0.00	11240
0.06	0.05	0.94	0.00	0.00	0.00	11293
0.07	0.05	0.94	0.00	0.00	0.00	11346
0.07	0.05	0.95	0.00	0.00	0.00	11398
0.08	0.06	0.95	0.00	0.00	0.00	11450
0.08	0.06	0.96	0.00	0.00	0.00	11504
0.08	0.05	0.98	0.00	0.00	0.00	11556
0.14	0.06	0.96	0.00	0.00	0.00	11608
0.18	0.06	0.96	0.00	0.00	0.00	11661
0.24	0.06	0.95	0.00	0.00	0.00	11713
0.33	0.07	0.88	0.00	0.00	0.00	11766
0.37	0.07	0.91	0.00	0.00	0.00	11819
0.44	0.06	0.88	0.00	0.00	0.00	11871
0.57	0.07	0.76	0.00	0.00	0.00	11923
0.72	0.07	0.64	0.00	0.00	0.00	11977
0.83	0.04	0.49	0.00	0.00	0.00	12029
0.85	0.06	0.47	0.00	0.00	0.00	12081
0.87	0.06	0.40	0.00	0.00	0.00	12134
0.94	0.06	0.32	0.00	0.00	0.00	12187
0.93	0.05	0.33	0.00	0.00	0.00	12239
0.98	0.07	0.25	0.00	0.00	0.00	12292
0.98	0.09	0.18	0.00	0.00	0.00	12344
0.96	0.04	0.17	0.00	0.00	0.00	12396
0.99	0.04	0.12	0.00	0.00	0.00	12450
0.99	0.04	-0.01	0.00	0.00	0.00	12502
1.03	0.04	-0.09	0.00	0.00	0.00	12554
1.06	0.05	-0.18	0.00	0.00	0.00	12607
1.02	0.06	-0.09	0.00	0.00	0.00	12660
1.04	0.06	-0.11	0.00	0.00	0.00	12713
1.01	0.06	-0.12	0.00	0.00	0.00	12765
1.04	0.07	-0.12	0.00	0.00	0.00	12817
1.03	0.06	-0.10	0.00	0.00	0.00	12871
1.02	0.06	-0.06	0.00	0.00	0.00	12923
1.02	0.04	-0.09	0.00	0.00	0.00	12975
1.02	0.06	-0.10	0.00	0.00	0.00	13028
1.03	0.06	-0.09	0.00	0.00	0.00	13080
1.02	0.06	-0.08	0.00	0.00	0.00	13133
1.03	0.06	-0.09	0.00	0.00	0.00	13186
1.03	0.06	-0.10	0.00	0.00	0.00	13238
1.02	0.06	-0.10	0.00	0.00	0.00	13290
1.03	0.06	-0.09	0.00	0.00	0.00	13344
1.03	0.06	-0.09	0.00	0.00	0.00	13396
1.02	0.06	-0.10	0.00	0.00	0.00	13448
1.02	0.06	-0.09	0.00	0.00	0.00	13501
1.03	0.06	-0.09	0.00	0.00	0.00	13554
1.03	0.06	-0.09	0.00	0.00	0.00	13606
1.03	0.06	-0.08	0.00	0.00	0.00	13659
1.03	0.06	-0.10	0.00	0.00	0.00	13711
1.03	0.06	-0.09	0.00	0.00	0.00	13763
1.03	0.06	-0.08	0.00	0.00	0.00	13817
1.02	0.06	-0.09	0.00	0.00	0.00	13869
1.02	0.06	-0.09	0.00	0.00	0.00	13921
1.03	0.06	-0.09	0.00	0.00	0.00	13974
1.02	0.06	-0.07	0.00	0.00	0.00	14027
1.04	0.06	-0.12	0.00	0.00	0.00	14079
1.03	0.06	-0.10	0.00	0.00	0.00	14132
1.03	0.06	-0.10	0.00	0.00	0.00	14184
1.03	0.06	-0.09	0.00	0.00	0.00	14238
1.03	0.06	-0.09	0.00	0.00	0.00	14290
1.03	0.06	-0.11	0.00	0.00	0.00	14342
1.03	0.06	-0.09	0.00	0.00	0.00	14395
1.03	0.06	-0.08	0.00	0.00	0.00	14448
1.02	0.06	-0.06	0.00	0.00	0.00	14500
1.03	0.06	-0.10	0.00	0.00	0.00	14553
1.02	0.06	-0.07	0.00	0.00	0.00	14605
1.02	0.06	-0.09	0.00	0.00	0.00	14657
1.03	0.06	-0.08	0.00	0.00	0.00	14711
1.03	0.06	-0.08	0.00	0.00	0.00	14763
1.03	0.06	-0.08	0.00	0.00	0.00	14815
1.02	0.06	-0.06	0.00	0.00	0.00	14868
1.03	0.06	-0.09	0.00	0.00	0.00	14921
1.03	0.06	-0.08	0.00	0.00	0.00	14973
1.03	0.06	-0.08	0.00	0.00	0.00	15026
1.03	0.06	-0.08	0.00	0.00	0.00	15078
1.03	0.06	-0.08	0.00	0.00	0.00	15131
1.03	0.06	-0.08	0.00	0.00	0.00	15184
1.03	0.06	-0.08	0.00	0.00	0.00	15236
1.03	0.06	-0.08	0.00	0.00	0.00	15288
1.03	0.06	-0.07	0.00	0.00	0.00	15341
1.03	0.06	-0.07	0.00	0.00	0.00	15394
1.03	0.06	-0.08	0.00	0.00	0.00	15446
1.03	0.06	-0.08	0.00	0.00	0.00	15499
1.03	0.06	-0.08	0.00	0.00	0.00	15551
1.03	0.06	-0.09	0.00	0.00	0.00	15605
1.02	0.06	-0.06	0.00	0.00	0.00	15657
1.03	0.06	-0.08	0.00	0.00	0.00	15709
1.03	0.06	-0.08	0.00	0.00	0.00	15762
1.03	0.06	-0.08	0.00	0.00	0.00	15815
1.03	0.06	-0.07	0.00	0.00	0.00	15867
1.03	0.06	-0.08	0.00	0.00	0.00	15920
1.03	0.06	-0.08	0.00	0.00	0.00	15972
1.03	0.06	-0.08	0.00	0.00	0.00	16024
1.03	0.06	-0.07	0.00	0.00	0.00	16078
1.03	0.06	-0.08	0.00	0.00	0.00	16130
1.03	0.06	-0.08	0.00	0.00	0.00	16182
1.03	0.06	-0.08	0.00	0.00	0.00	16235
1.03	0.06	-0.08	0.00	0.00	0.00	16288
1.03	0.06	-0.09	0.00	0.00	0.00	16340
1.03	0.06	-0.08	0.00	0.00	0.00	16393
1.03	0.06	-0.09	0.00	0.00	0.00	16445
1.02	0.06	-0.08	0.00	0.00	0.00	16498
1.03	0.06	-0.09	0.00	0.00	0.00	16551
1.03	0.06	-0.09	0.00	0.00	0.00	16603
1.02	0.06	-0.07	0.00	0.00	0.00	16655
1.04	0.06	-0.11	0.00	0.00	0.00	16708
1.02	0.06	-0.07	0.00	0.00	0.00	16761
1.03	0.06	-0.09	0.00	0.00	0.00	16813
1.03	0.06	-0.09	0.00	0.00	0.00	16866
1.03	0.06	-0.09	0.00	0.00	0.00	16918
1.03	0.06	-0.07	0.00	0.00	0.00	16971
1.03	0.06	-0.07	0.00	0.00	0.00	17024
1.03	0.06	-0.09	0.00	0.00	0.00	17076
1.03	0.06	-0.07	0.00	0.00	0.00	17129
1.03	0.06	-0.09	0.00	0.00	0.00	17182
1.03	0.06	-0.08	0.00	0.00	0.00	17234
1.03	0.06	-0.09	0.00	0.00	0.00	17287
1.03	0.06	-0.08	0.00	0.00	0.00	17339
1.03	0.06	-0.08	0.00	0.00	0.00	17392
1.03	0.06	-0.07	0.00	0.00	0.00	17445
1.03	0.06	-0.10	0.00	0.00	0.00	17497
1.03	0.06	-0.08	0.00	0.00	0.00	17549
1.03	0.06	-0.08	0.00	0.00	0.00	17602
1.03	0.06	-0.08	0.00	0.00	0.00	17655
1.03	0.06	-0.08	0.00	0.00	0.00	17707
1.03	0.06	-0.10	0.00	0.00	0.00	17760
1.02	0.06	-0.08	0.00	0.00	0.00	17812
1.03	0.06	-0.08	0.00	0.00	0.00	17865
1.02	0.06	-0.07	0.00	0.00	0.00	17918
1.03	0.06	-0.08	0.00	0.00	0.00	17970
1.03	0.06	-0.09	0.00	0.00	0.00	18022
1.03	0.06	-0.09	0.00	0.00	0.00	18076
1.03	0.06	-0.10	0.00	0.00	0.00	18128
1.03	0.06	-0.08	0.00	0.00	0.00	18180
1.03	0.06	-0.09	0.00	0.00	0.00	18233
1.03	0.06	-0.10	0.00	0.00	0.00	18285
1.03	0.06	-0.11	0.00	0.00	0.00	18338
1.03	0.06	-0.09	0.00	0.00	0.00	18391
1.03	0.06	-0.09	0.00	0.00	0.00	18443
1.03	0.06	-0.09	0.00	0.00	0.00	18496
1.02	0.06	-0.07	0.00	0.00	0.00	18549
1.03	0.06	-0.10	0.00	0.00	0.00	18601
1.03	0.06	-0.10	0.00	0.00	0.00	18654
1.03	0.06	-0.09	0.00	0.00	0.00	18706
1.03	0.06	-0.09	0.00	0.00	0.00	18759
1.03	0.06	-0.10	0.00	0.00	0.00	18812
1.03	0.06	-0.09	0.00	0.00	0.00	18864
1.03	0.06	-0.09	0.00	0.00	0.00	18916
1.03	0.06	-0.09	0.00	0.00	0.00	18969
1.03	0.06	-0.10	0.00	0.00	0.00	19022
1.03	0.06	-0.09	0.00	0.00	0.00	19074
1.03	0.06	-0.10	0.00	0.00	0.00	19127
1.03	0.06	-0.08	0.00	0.00	0.00	19179
1.03	0.06	-0.10	0.00	0.00	0.00	19232
1.03	0.06	-0.10	0.00	0.00	0.00	19285
1.03	0.06	-0.10	0.00	0.00	0.00	19337
1.03	0.06	-0.11	0.00	0.00	0.00	19389
1.03	0.06	-0.09	0.00	0.00	0.00	19443
1.03	0.06	-0.09	0.00	0.00	0.00	19495
1.03	0.06	-0.10	0.00	0.00	0.00	19547
1.03	0.06	-0.10	0.00	0.00	0.00	19600
1.03	0.06	-0.10	0.00	0.00	0.00	19652
1.03	0.06	-0.10	0.00	0.00	0.00	19705
1.03	0.06	-0.10	0.00	0.00	0.00	19758
1.03	0.06	-0.10	0.00	0.00	0.00	19810
1.03	0.06	-0.10	0.00	0.00	0.00	19863
1.03	0.06	-0.11	0.00	0.00	0.00	19916
1.03	0.06	-0.08	0.00	0.00	0.00	19968
1.03	0.06	-0.11	0.00	0.00	0.00	20021
1.03	0.06	-0.09	0.00	0.00	0.00	20073
1.03	0.06	-0.12	0.00	0.00	0.00	20126
1.03	0.06	-0.11	0.00	0.00	0.00	20179
1.03	0.06	-0.10	0.00	0.00	0.00	20231
1.02	0.06	-0.09	0.00	0.00	0.00	20283
1.03	0.06	-0.10	0.00	0.00	0.00	20337
1.03	0.06	-0.11	0.00	0.00	0.00	20389
1.03	0.06	-0.10	0.00	0.00	0.00	20441
1.03	0.06	-0.10	0.00	0.00	0.00	20494
1.03	0.06	-0.11	0.00	0.00	0.00	20546
1.03	0.06	-0.09	0.00	0.00	0.00	20599
1.03	0.06	-0.11	0.00	0.00	0.00	20652
1.03	0.06	-0.10	0.00	0.00	0.00	20704
1.03	0.06	-0.11	0.00	0.00	0.00	20756
1.03	0.06	-0.10	0.00	0.00	0.00	20810
1.03	0.06	-0.10	0.00	0.00	0.00	20862
1.03	0.06	-0.10	0.00	0.00	0.00	20914
1.02	0.06	-0.09	0.00	0.00	0.00	20967
1.02	0.06	-0.08	0.00	0.00	0.00	21020
1.04	0.06	-0.14	0.00	0.00	0.00	21073
1.03	0.06	-0.09	0.00	0.00	0.00	21125
1.03	0.06	-0.09	0.00	0.00	0.00	21177
1.03	0.06	-0.07	0.00	0.00	0.00	21230
1.03	0.06	-0.09	0.00	0.00	0.00	21283
1.02	0.06	-0.07	0.00	0.00	0.00	21335
1.04	0.06	-0.08	0.00	0.00	0.00	21388
1.02	0.06	-0.07	0.00	0.00	0.00	21440
1.03	0.06	-0.09	0.00	0.00	0.00	21493
1.03	0.06	-0.07	0.00	0.00	0.00	21546
1.03	0.06	-0.09	0.00	0.00	0.00	21598
1.03	0.06	-0.09	0.00	0.00	0.00	21650
1.03	0.06	-0.08	0.00	0.00	0.00	21704
1.03	0.06	-0.09	0.00	0.00	0.00	21756
1.03	0.06	-0.09	0.00	0.00	0.00	21808
1.03	0.06	-0.08	0.00	0.00	0.00	21861
1.03	0.06	-0.10	0.00	0.00	0.00	21913
1.04	0.06	-0.09	0.00	0.00	0.00	21966
1.09	0.09	-0.14	0.00	0.00	0.00	22019
0.98	0.07	0.23	0.00	0.00	0.00	22071
1.01	0.07	0.21	0.00	0.00	0.00	22123
0.96	0.06	0.31	0.00	0.00	0.00	22177
0.97	0.05	0.26	0.00	0.00	0.00	22229
0.92	0.06	0.38	0.00	0.00	0.00	22281
0.85	0.05	0.45	0.00	0.00	0.00	22334
0.83	0.07	0.58	0.00	0.00	0.00	22387
0.73	0.04	0.59	0.00	0.00	0.00	22440
0.73	0.06	0.67	0.00	0.00	0.00	22492
0.71	0.05	0.66	0.00	0.00	0.00	22544
0.64	0.05	0.71	0.00	0.00	0.00	22598
0.50	0.06	0.88	0.00	0.00	0.00	22650
0.49	0.07	0.83	0.00	0.00	0.00	22702
0.41	0.05	0.81	0.00	0.00	0.00	22755
0.25	0.05	0.94	0.00	0.00	0.00	22807
0.25	0.05	0.90	0.00	0.00	0.00	22860
0.12	0.05	1.04	0.00	0.00	0.00	22913
0.10	0.05	0.93	0.00	0.00	0.00	22965
0.00	0.04	0.99	0.00	0.00	0.00	23017
-0.10	0.01	0.98	0.00	0.00	0.00	23071
-0.13	-0.03	0.89	0.00	0.00	0.00	23123
-0.25	-0.04	1.03	0.00	0.00	0.00	23175
-0.40	-0.05	0.79	0.00	0.00	0.00	23228
-0.39	-0.05	0.90	0.00	0.00	0.00	23281
-0.55	-0.06	0.68	0.00	0.00	0.00	23333
-0.61	-0.05	0.62	0.00	0.00	0.00	23386
-0.78	-0.07	0.57	0.00	0.00	0.00	23438
-0.66	-0.05	0.40	0.00	0.00	0.00	23491
-0.82	-0.04	0.56	0.00	0.00	0.00	23544
-0.83	-0.04	0.27	0.00	0.00	0.00	23596
-0.93	-0.05	0.23	0.00	0.00	0.00	23649
-0.95	-0.03	0.22	0.00	0.00	0.00	23701
-0.91	-0.05	0.10	0.00	0.00	0.00	23754
-0.94	-0.00	-0.02	0.00	0.00	0.00	23807
-1.01	-0.01	0.10	0.00	0.00	0.00	23859
-0.98	-0.02	-0.02	0.00	0.00	0.00	23911
-0.93	-0.03	-0.05	0.00	0.00	0.00	23965
-0.98	-0.02	0.01	0.00	0.00	0.00	24017
-0.97	-0.03	-0.02	0.00	0.00	0.00	24070
-0.99	-0.02	-0.14	0.00	0.00	0.00	24122
-0.94	-0.03	-0.10	0.00	0.00	0.00	24174
-0.97	-0.02	-0.08	0.00	0.00	0.00	24228
-0.97	-0.03	-0.13	0.00	0.00	0.00	24280
-0.98	-0.04	-0.07	0.00	0.00	0.00	24332
-0.95	-0.04	-0.11	0.00	0.00	0.00	24385
-0.96	-0.03	-0.10	0.00	0.00	0.00	24438
-0.97	-0.03	-0.13	0.00	0.00	0.00	24490
-0.98	-0.03	-0.10	0.00	0.00	0.00	24543
-0.97	-0.03	-0.10	0.00	0.00	0.00	24595
-0.96	-0.03	-0.11	0.00	0.00	0.00	24649
-0.97	-0.03	-0.11	0.00	0.00	0.00	24701
-0.97	-0.03	-0.08	0.00	0.00	0.00	24753
-0.95	-0.02	-0.11	0.00	0.00	0.00	24806
-0.97	-0.03	-0.09	0.00	0.00	0.00	24859
-0.96	-0.03	-0.12	0.00	0.00	0.00	24911
-0.98	-0.02	-0.10	0.00	0.00	0.00	24964
-0.95	-0.02	-0.10	0.00	0.00	0.00	25016
-0.97	-0.02	-0.11	0.00	0.00	0.00	25069
-0.97	-0.03	-0.10	0.00	0.00	0.00	25122
-0.96	-0.02	-0.11	0.00	0.00	0.00	25174
-0.97	-0.03	-0.09	0.00	0.00	0.00	25227
-0.97	-0.02	-0.09	0.00	0.00	0.00	25279
-0.96	-0.02	-0.14	0.00	0.00	0.00	25332
-0.97	-0.03	-0.10	0.00	0.00	0.00	25385
-0.96	-0.02	-0.11	0.00	0.00	0.00	25437
-0.97	-0.02	-0.11	0.00	0.00	0.00	25489
-0.97	-0.02	-0.10	0.00	0.00	0.00	25543
-0.96	-0.01	-0.13	0.00	0.00	0.00	25595
-0.97	-0.02	-0.09	0.00	0.00	0.00	25648
-0.97	-0.02	-0.10	0.00	0.00	0.00	25700
-0.96	-0.02	-0.10	0.00	0.00	0.00	25752
-0.97	-0.02	-0.11	0.00	0.00	0.00	25806
-0.97	-0.02	-0.10	0.00	0.00	0.00	25858
-0.95	-0.01	-0.10	0.00	0.00	0.00	25910
-0.97	-0.01	-0.11	0.00	0.00	0.00	25963
-0.97	-0.02	-0.10	0.00	0.00	0.00	26016
-0.97	-0.01	-0.12	0.00	0.00	0.00	26068
-0.97	-0.01	-0.09	0.00	0.00	0.00	26121
-0.97	-0.01	-0.12	0.00	0.00	0.00	26173
-0.96	-0.01	-0.10	0.00	0.00	0.00	26227
-0.96	-0.01	-0.10	0.00	0.00	0.00	26279
-0.97	-0.02	-0.11	0.00	0.00	0.00	26331
-0.97	-0.01	-0.11	0.00	0.00	0.00	26384
-0.96	-0.02	-0.10	0.00	0.00	0.00	26436
-0.97	-0.01	-0.09	0.00	0.00	0.00	26489
-0.96	-0.02	-0.11	0.00	0.00	0.00	26542
-0.97	-0.02	-0.08	0.00	0.00	0.00	26594
-0.96	-0.01	-0.11	0.00	0.00	0.00	26647
-0.96	-0.00	-0.11	0.00	0.00	0.00	26700
-0.97	-0.01	-0.10	0.00	0.00	0.00	26752
-0.97	-0.01	-0.10	0.00	0.00	0.00	26805
-0.96	-0.01	-0.09	0.00	0.00	0.00	26857
-0.97	-0.01	-0.12	0.00	0.00	0.00	26910
-0.98	-0.01	-0.09	0.00	0.00	0.00	26963
-0.96	-0.01	-0.13	0.00	0.00	0.00	27015
-0.98	-0.01	-0.08	0.00	0.00	0.00	27067
-0.97	-0.01	-0.10	0.00	0.00	0.00	27121
-0.96	-0.01	-0.13	0.00	0.00	0.00	27173
-0.96	-0.01	-0.08	0.00	0.00	0.00	27226
-0.97	-0.01	-0.10	0.00	0.00	0.00	27278
-0.95	-0.01	-0.11	0.00	0.00	0.00	27330
-0.98	-0.02	-0.09	0.00	0.00	0.00	27384
-0.97	-0.01	-0.13	0.00	0.00	0.00	27436
-0.96	-0.01	-0.09	0.00	0.00	0.00	27488
-0.97	-0.01	-0.11	0.00	0.00	0.00	27541
-0.97	-0.01	-0.11	0.00	0.00	0.00	27594
-0.96	-0.01	-0.10	0.00	0.00	0.00	27647
-0.97	-0.01	-0.10	0.00	0.00	0.00	27699
-0.97	-0.01	-0.12	0.00	0.00	0.00	27751
-0.96	-0.01	-0.10	0.00	0.00	0.00	27805
-0.97	-0.01	-0.10	0.00	0.00	0.00	27857
-0.96	-0.01	-0.12	0.00	0.00	0.00	27909
-0.97	-0.02	-0.11	0.00	0.00	0.00	27962
-0.96	-0.01	-0.11	0.00	0.00	0.00	28014
-0.96	-0.01	-0.11	0.00	0.00	0.00	28068
-0.96	-0.01	-0.10	0.00	0.00	0.00	28120
-0.96	-0.01	-0.11	0.00	0.00	0.00	28172
-0.96	-0.01	-0.11	0.00	0.00	0.00	28225
-0.97	-0.01	-0.11	0.00	0.00	0.00	28278
-0.97	-0.01	-0.11	0.00	0.00	0.00	28330
-0.97	-0.02	-0.11	0.00	0.00	0.00	28383
-0.96	-0.03	-0.10	0.00	0.00	0.00	28435
-0.96	-0.01	-0.11	0.00	0.00	0.00	28488
-0.96	-0.01	-0.11	0.00	0.00	0.00	28541
-0.97	-0.01	-0.10	0.00	0.00	0.00	28593
-0.97	-0.02	-0.11	0.00	0.00	0.00	28646
-0.96	-0.01	-0.11	0.00	0.00	0.00	28699
-0.97	-0.02	-0.11	0.00	0.00	0.00	28751
-0.97	-0.01	-0.11	0.00	0.00	0.00	28804
-0.96	-0.02	-0.11	0.00	0.00	0.00	28856
-0.97	-0.01	-0.11	0.00	0.00	0.00	28908
-0.96	-0.01	-0.11	0.00	0.00	0.00	28962
-0.98	-0.02	-0.11	0.00	0.00	0.00	29014
-0.97	-0.02	-0.11	0.00	0.00	0.00	29067
-0.97	-0.01	-0.10	0.00	0.00	0.00	29119
-0.97	-0.01	-0.12	0.00	0.00	0.00	29172
-0.97	-0.02	-0.09	0.00	0.00	0.00	29225
-0.97	-0.01	-0.12	0.00	0.00	0.00	29277
-0.96	-0.02	-0.10	0.00	0.00	0.00	29329
-0.96	-0.02	-0.13	0.00	0.00	0.00	29383
-0.96	-0.02	-0.09	0.00	0.00	0.00	29435
-0.96	-0.01	-0.13	0.00	0.00	0.00	29488
-0.96	-0.02	-0.12	0.00	0.00	0.00	29540
-0.97	-0.02	-0.11	0.00	0.00	0.00	29592
-0.96	-0.01	-0.12	0.00	0.00	0.00	29646
-0.97	-0.02	-0.12	0.00	0.00	0.00	29698
-0.96	-0.01	-0.11	0.00	0.00	0.00	29750
-0.97	-0.01	-0.11	0.00	0.00	0.00	29803
-0.97	-0.01	-0.13	0.00	0.00	0.00	29856
-0.97	-0.02	-0.11	0.00	0.00	0.00	29908
-0.97	-0.01	-0.12	0.00	0.00	0.00	29961
-0.97	-0.02	-0.12	0.00	0.00	0.00	30013
-0.97	-0.02	-0.12	0.00	0.00	0.00	30067
-0.97	-0.02	-0.13	0.00	0.00	0.00	30119
-0.96	-0.01	-0.12	0.00	0.00	0.00	30171
-0.96	-0.02	-0.12	0.00	0.00	0.00	30224
-0.97	-0.01	-0.13	0.00	0.00	0.00	30276
-0.96	-0.02	-0.11	0.00	0.00	0.00	30329
-0.96	-0.03	-0.12	0.00	0.00	0.00	30382
-0.97	-0.02	-0.11	0.00	0.00	0.00	30434
-0.96	-0.02	-0.11	0.00	0.00	0.00	30487
-0.97	-0.01	-0.11	0.00	0.00	0.00	30540
-0.97	-0.02	-0.12	0.00	0.00	0.00	30592
-0.96	-0.02	-0.11	0.00	0.00	0.00	30645
-0.96	-0.01	-0.11	0.00	0.00	0.00	30697
-0.97	-0.01	-0.12	0.00	0.00	0.00	30750
-0.97	-0.02	-0.11	0.00	0.00	0.00	30803
-0.96	-0.01	-0.12	0.00	0.00	0.00	30855
-0.96	-0.02	-0.13	0.00	0.00	0.00	30908
-0.97	-0.02	-0.11	0.00	0.00	0.00	30961
-0.96	-0.01	-0.13	0.00	0.00	0.00	31013
-0.96	-0.01	-0.11	0.00	0.00	0.00	31066
-0.97	-0.02	-0.13	0.00	0.00	0.00	31118
-0.96	-0.01	-0.12	0.00	0.00	0.00	31170
-0.97	-0.01	-0.13	0.00	0.00	0.00	31224
-0.97	-0.02	-0.12	0.00	0.00	0.00	31276
-0.96	-0.02	-0.12	0.00	0.00	0.00	31329
-0.95	-0.01	-0.13	0.00	0.00	0.00	31381
-0.97	-0.02	-0.13	0.00	0.00	0.00	31434
-0.96	-0.01	-0.12	0.00	0.00	0.00	31487
-0.96	-0.01	-0.12	0.00	0.00	0.00	31539
-0.97	-0.02	-0.12	0.00	0.00	0.00	31591
-0.96	-0.01	-0.13	0.00	0.00	0.00	31645
-0.97	-0.01	-0.13	0.00	0.00	0.00	31697
-0.96	-0.01	-0.12	0.00	0.00	0.00	31750
-0.97	-0.02	-0.12	0.00	0.00	0.00	31802
-0.96	-0.02	-0.12	0.00	0.00	0.00	31854
-0.97	-0.01	-0.13	0.00	0.00	0.00	31908
-0.97	-0.02	-0.12	0.00	0.00	0.00	31960
-0.96	-0.02	-0.12	0.00	0.00	0.00	32012
-0.97	-0.02	-0.12	0.00	0.00	0.00	32065
-0.96	-0.01	-0.13	0.00	0.00	0.00	32118
-0.97	-0.01	-0.12	0.00	0.00	0.00	32171
-0.97	-0.02	-0.12	0.00	0.00	0.00	32223
-0.96	-0.01	-0.12	0.00	0.00	0.00	32275
-0.96	-0.02	-0.13	0.00	0.00	0.00	32329
-0.97	-0.01	-0.12	0.00	0.00	0.00	32381
-0.97	-0.01	-0.12	0.00	0.00	0.00	32433
-0.97	-0.01	-0.12	0.00	0.00	0.00	32486
-0.97	-0.01	-0.12	0.00	0.00	0.00	32539
-0.97	-0.01	-0.13	0.00	0.00	0.00	32591
-0.97	-0.01	-0.13	0.00	0.00	0.00	32644
-0.97	-0.01	-0.13	0.00	0.00	0.00	32696
-0.96	-0.01	-0.11	0.00	0.00	0.00	32749
-0.97	-0.00	-0.12	0.00	0.00	0.00	32802
-0.96	-0.00	-0.11	0.00	0.00	0.00	32854
-0.96	0.00	-0.11	0.00	0.00	0.00	32907
-0.97	0.01	-0.11	0.00	0.00	0.00	32959
-0.97	0.00	-0.10	0.00	0.00	0.00	33012
-0.97	-0.00	-0.10	0.00	0.00	0.00	33065
-0.97	0.00	-0.11	0.00	0.00	0.00	33117
-0.96	0.01	-0.09	0.00	0.00	0.00	33170
-0.97	-0.00	-0.10	0.00	0.00	0.00	33223
-0.97	0.00	-0.10	0.00	0.00	0.00	33275
-0.95	0.01	-0.08	0.00	0.00	0.00	33328
-0.98	0.01	-0.09	0.00	0.00	0.00	33380
-0.96	0.01	-0.08	0.00	0.00	0.00	33432
-0.97	0.01	-0.06	0.00	0.00	0.00	33486
-0.96	0.00	-0.07	0.00	0.00	0.00	33538
-0.96	0.01	-0.06	0.00	0.00	0.00	33590
-0.97	0.01	-0.06	0.00	0.00	0.00	33643
-0.99	0.02	-0.06	0.00	0.00	0.00	33696
-0.99	0.02	-0.05	0.00	0.00	0.00	33748
-1.05	0.09	0.05	0.00	0.00	0.00	33801
-0.94	0.08	0.03	0.00	0.00	0.00	33853
-0.95	0.26	0.20	0.00	0.00	0.00	33906
-0.86	0.26	0.20	0.00	0.00	0.00	33959
-0.70	0.32	0.26	0.00	0.00	0.00	34011
-0.66	0.40	0.43	0.00	0.00	0.00	34064
-0.67	0.41	0.61	0.00	0.00	0.00	34116
-0.59	0.49	0.57	0.00	0.00	0.00	34169
-0.54	0.44	0.56	0.00	0.00	0.00	34222
-0.53	0.49	0.63	0.00	0.00	0.00	34274
-0.48	0.49	0.56	0.00	0.00	0.00	34326
-0.46	0.50	0.58	0.00	0.00	0.00	34380
-0.28	0.49	0.80	0.00	0.00	0.00	34432
-0.31	0.63	0.67	0.00	0.00	0.00	34485
-0.09	0.56	0.79	0.00	0.00	0.00	34537
-0.29	0.64	0.61	0.00	0.00	0.00	34590
-0.10	0.60	0.68	0.00	0.00	0.00	34643
-0.12	0.68	0.62	0.00	0.00	0.00	34695
-0.28	0.61	0.84	0.00	0.00	0.00	34747
0.09	0.65	0.59	0.00	0.00	0.00	34801
0.06	0.64	0.70	0.00	0.00	0.00	34853
0.03	0.68	0.75	0.00	0.00	0.00	34905
0.03	0.71	0.62	0.00	0.00	0.00	34958
0.09	0.69	0.58	0.00	0.00	0.00	35010
0.13	0.73	0.64	0.00	0.00	0.00	35063
0.14	0.74	0.58	0.00	0.00	0.00	35116
0.10	0.83	0.49	0.00	0.00	0.00	35168
-0.07	0.81	0.59	0.00	0.00	0.00	35221
0.04	0.87	0.55	0.00	0.00	0.00	35274
0.19	0.79	0.53	0.00	0.00	0.00	35326
0.08	0.90	0.45	0.00	0.00	0.00	35379
0.02	0.82	0.27	0.00	0.00	0.00	35431
-0.03	0.89	0.30	0.00	0.00	0.00	35484
0.12	0.93	0.37	0.00	0.00	0.00	35537
-0.02	0.94	0.28	0.00	0.00	0.00	35589
0.03	0.93	0.25	0.00	0.00	0.00	35641
0.08	0.94	0.22	0.00	0.00	0.00	35694
0.12	0.98	0.20	0.00	0.00	0.00	35747
0.08	0.92	0.24	0.00	0.00	0.00	35799
0.15	0.98	0.13	0.00	0.00	0.00	35852
0.06	1.01	0.22	0.00	0.00	0.00	35904
0.04	0.96	0.17	0.00	0.00	0.00	35957
0.08	1.00	0.24	0.00	0.00	0.00	36010
0.09	0.97	0.20	0.00	0.00	0.00	36062
0.12	0.97	0.22	0.00	0.00	0.00	36114
0.08	0.97	0.20	0.00	0.00	0.00	36168
0.02	0.94	0.12	0.00	0.00	0.00	36220
0.05	1.00	0.14	0.00	0.00	0.00	36273
0.07	0.96	0.19	0.00	0.00	0.00	36325
0.00	0.97	0.16	0.00	0.00	0.00	36377
-0.01	0.97	0.14	0.00	0.00	0.00	36431
-0.01	0.96	0.12	0.00	0.00	0.00	36483
0.08	0.97	0.16	0.00	0.00	0.00	36535
-0.01	1.00	0.15	0.00	0.00	0.00	36588
-0.02	0.99	0.09	0.00	0.00	0.00	36641
-0.01	0.96	0.13	0.00	0.00	0.00	36693
0.05	1.02	0.10	0.00	0.00	0.00	36746
0.07	1.00	0.13	0.00	0.00	0.00	36798
0.02	0.99	0.11	0.00	0.00	0.00	36851
0.03	0.99	0.10	0.00	0.00	0.00	36904
0.05	1.00	0.12	0.00	0.00	0.00	36956
0.03	0.95	0.12	0.00	0.00	0.00	37008
0.06	1.03	0.10	0.00	0.00	0.00	37062
0.01	1.00	0.07	0.00	0.00	0.00	37114
0.06	0.98	0.09	0.00	0.00	0.00	37166
0.08	1.00	0.14	0.00	0.00	0.00	37219
0.06	0.99	0.11	0.00	0.00	0.00	37271
0.02	0.99	0.08	0.00	0.00	0.00	37324
0.05	0.99	0.12	0.00	0.00	0.00	37377
0.06	0.99	0.12	0.00	0.00	0.00	37429
0.05	0.99	0.11	0.00	0.00	0.00	37481
0.03	0.99	0.10	0.00	0.00	0.00	37535
0.07	0.98	0.11	0.00	0.00	0.00	37587
0.06	1.01	0.11	0.00	0.00	0.00	37640
0.02	0.97	0.09	0.00	0.00	0.00	37692
0.06	0.99	0.11	0.00	0.00	0.00	37745
0.05	1.00	0.10	0.00	0.00	0.00	37798
0.08	0.99	0.10	0.00	0.00	0.00	37850
0.06	1.00	0.10	0.00	0.00	0.00	37902
0.06	1.00	0.09	0.00	0.00	0.00	37955
0.06	1.00	0.07	0.00	0.00	0.00	38008
0.06	0.99	0.11	0.00	0.00	0.00	38060
0.07	0.97	0.09	0.00	0.00	0.00	38113
0.09	0.99	0.08	0.00	0.00	0.00	38165
0.11	0.98	0.12	0.00	0.00	0.00	38218
0.04	1.01	0.08	0.00	0.00	0.00	38271
0.07	0.98	0.06	0.00	0.00	0.00	38323
0.09	0.99	0.08	0.00	0.00	0.00	38375
0.08	0.99	0.08	0.00	0.00	0.00	38429
0.05	1.01	0.07	0.00	0.00	0.00	38481
0.08	0.99	0.09	0.00	0.00	0.00	38533
0.06	1.01	0.08	0.00	0.00	0.00	38586
0.07	1.00	0.08	0.00	0.00	0.00	38638
0.07	0.99	0.08	0.00	0.00	0.00	38691
0.06	1.01	0.08	0.00	0.00	0.00	38744
0.06	0.99	0.08	0.00	0.00	0.00	38796
0.08	0.99	0.07	0.00	0.00	0.00	38848
0.07	0.99	0.08	0.00	0.00	0.00	38902
0.06	0.99	0.07	0.00	0.00	0.00	38954
0.07	1.00	0.08	0.00	0.00	0.00	39006
0.07	0.99	0.08	0.00	0.00	0.00	39059
0.04	1.00	0.08	0.00	0.00	0.00	39112
0.08	0.99	0.08	0.00	0.00	0.00	39164
0.07	1.00	0.07	0.00	0.00	0.00	39217
0.07	1.00	0.08	0.00	0.00	0.00	39269
0.07	1.00	0.07	0.00	0.00	0.00	39321
0.07	1.00	0.07	0.00	0.00	0.00	39375
0.07	1.00	0.08	0.00	0.00	0.00	39427
0.05	1.00	0.07	0.00	0.00	0.00	39479
0.08	1.00	0.07	0.00	0.00	0.00	39532
0.07	1.00	0.08	0.00	0.00	0.00	39585
0.08	1.00	0.08	0.00	0.00	0.00	39637
0.08	1.02	0.08	0.00	0.00	0.00	39690
0.09	0.98	0.04	0.00	0.00	0.00	39742
0.07	1.00	0.05	0.00	0.00	0.00	39795
0.12	0.98	0.06	0.00	0.00	0.00	39848
0.07	1.00	0.04	0.00	0.00	0.00	39900
0.09	0.99	0.05	0.00	0.00	0.00	39952
0.08	1.01	0.05	0.00	0.00	0.00	40006
0.08	1.00	0.04	0.00	0.00	0.00	40058
0.06	1.00	0.05	0.00	0.00	0.00	40110
0.08	0.99	0.05	0.00	0.00	0.00	40163
0.09	1.00	0.03	0.00	0.00	0.00	40215
0.09	1.01	0.06	0.00	0.00	0.00	40268
0.07	1.00	0.03	0.00	0.00	0.00	40321
0.09	1.00	0.04	0.00	0.00	0.00	40373
0.08	1.00	0.02	0.00	0.00	0.00	40426
0.11	1.00	0.03	0.00	0.00	0.00	40479
0.06	1.01	0.03	0.00	0.00	0.00	40531
0.07	0.99	0.05	0.00	0.00	0.00	40584
0.10	1.04	0.02	0.00	0.00	0.00	40636
0.06	1.01	0.03	0.00	0.00	0.00	40689
0.09	0.99	0.02	0.00	0.00	0.00	40742
0.09	1.00	0.05	0.00	0.00	0.00	40794
0.13	0.99	-0.02	0.00	0.00	0.00	40846
0.09	0.99	-0.00	0.00	0.00	0.00	40899
0.14	1.01	-0.02	0.00	0.00	0.00	40952
0.13	1.00	-0.00	0.00	0.00	0.00	41004
0.10	0.99	-0.04	0.00	0.00	0.00	41057
0.14	1.01	-0.01	0.00	0.00	0.00	41109
0.11	0.98	-0.01	0.00	0.00	0.00	41162
0.08	1.02	-0.03	0.00	0.00	0.00	41215
0.11	0.99	-0.01	0.00	0.00	0.00	41267
0.09	0.99	0.02	0.00	0.00	0.00	41319
0.10	1.01	-0.03	0.00	0.00	0.00	41373
0.09	0.99	-0.02	0.00	0.00	0.00	41425
0.11	0.99	-0.01	0.00	0.00	0.00	41477
0.10	1.00	-0.02	0.00	0.00	0.00	41530
0.11	0.99	-0.01	0.00	0.00	0.00	41582
0.08	1.01	-0.02	0.00	0.00	0.00	41635
0.09	1.00	-0.01	0.00	0.00	0.00	41688
0.12	1.00	-0.00	0.00	0.00	0.00	41740
0.08	1.00	-0.03	0.00	0.00	0.00	41792
0.10	1.00	-0.01	0.00	0.00	0.00	41846
0.09	1.00	0.00	0.00	0.00	0.00	41898
0.09	1.00	-0.02	0.00	0.00	0.00	41950
0.10	1.00	-0.01	0.00	0.00	0.00	42003
0.10	1.00	-0.01	0.00	0.00	0.00	42056
0.08	1.02	0.00	0.00	0.00	0.00	42108
0.09	1.00	-0.02	0.00	0.00	0.00	42161
0.10	1.02	0.01	0.00	0.00	0.00	42213
0.09	0.99	0.01	0.00	0.00	0.00	42265
0.09	1.01	-0.02	0.00	0.00	0.00	42319
0.08	1.00	-0.00	0.00	0.00	0.00	42371
0.10	1.00	-0.01	0.00	0.00	0.00	42424
0.09	1.00	-0.02	0.00	0.00	0.00	42476
0.08	1.01	0.01	0.00	0.00	0.00	42529
0.11	1.01	-0.00	0.00	0.00	0.00	42582
0.11	1.02	0.02	0.00	0.00	0.00	42634
0.10	0.98	-0.04	0.00	0.00	0.00	42686
0.14	1.02	-0.00	0.00	0.00	0.00	42740
0.13	1.00	-0.02	0.00	0.00	0.00	42792
0.10	1.02	-0.02	0.00	0.00	0.00	42844
0.07	1.01	0.03	0.00	0.00	0.00	42897
0.06	1.00	-0.06	0.00	0.00	0.00	42950
0.13	0.99	-0.00	0.00	0.00	0.00	43002
0.07	0.99	-0.01	0.00	0.00	0.00	43055
0.07	1.01	-0.03	0.00	0.00	0.00	43107
0.09	1.00	0.00	0.00	0.00	0.00	43159
0.05	1.01	-0.00	0.00	0.00	0.00	43213
0.11	1.00	-0.01	0.00	0.00	0.00	43265
0.06	1.00	0.00	0.00	0.00	0.00	43317
0.08	1.01	0.00	0.00	0.00	0.00	43370
0.07	1.00	-0.02	0.00	0.00	0.00	43423
0.07	1.01	0.01	0.00	0.00	0.00	43475
0.09	1.00	-0.02	0.00	0.00	0.00	43528
0.07	1.00	0.00	0.00	0.00	0.00	43580
0.08	1.00	0.00	0.00	0.00	0.00	43633
0.05	1.01	-0.01	0.00	0.00	0.00	43686
0.09	1.00	-0.00	0.00	0.00	0.00	43738
0.08	1.00	0.01	0.00	0.00	0.00	43790
0.05	1.00	-0.03	0.00	0.00	0.00	43843
0.09	1.01	0.01	0.00	0.00	0.00	43896
0.08	1.00	-0.00	0.00	0.00	0.00	43948
0.07	1.00	-0.01	0.00	0.00	0.00	44001
0.07	1.00	-0.02	0.00	0.00	0.00	44053
0.09	1.01	0.00	0.00	0.00	0.00	44106
0.06	1.00	-0.02	0.00	0.00	0.00	44159
0.04	1.00	-0.04	0.00	0.00	0.00	44211
0.09	1.01	0.00	0.00	0.00	0.00	44263
0.05	1.00	-0.01	0.00	0.00	0.00	44317
0.07	1.02	-0.00	0.00	0.00	0.00	44369
0.07	1.00	-0.01	0.00	0.00	0.00	44421
0.08	1.01	-0.01	0.00	0.00	0.00	44474
0.08	1.01	-0.01	0.00	0.00	0.00	44526
0.06	1.01	-0.03	0.00	0.00	0.00	44579
0.07	1.00	-0.02	0.00	0.00	0.00	44632
0.08	1.01	-0.03	0.00	0.00	0.00	44684
0.08	1.00	-0.01	0.00	0.00	0.00	44736
0.05	1.01	-0.04	0.00	0.00	0.00	44790
0.09	1.01	-0.01	0.00	0.00	0.00	44842
0.07	1.00	-0.02	0.00	0.00	0.00	44894
0.07	1.02	-0.03	0.00	0.00	0.00	44947
0.05	0.99	-0.00	0.00	0.00	0.00	45000
0.07	0.99	-0.02	0.00	0.00	0.00	45052
0.11	0.97	0.03	0.00	0.00	0.00	45105
0.06	1.00	-0.08	0.00	0.00	0.00	45157
0.10	1.00	-0.01	0.00	0.00	0.00	45209
0.06	1.03	0.12	0.00	0.00	0.00	45263
0.06	0.96	0.07	0.00	0.00	0.00	45315
0.03	1.00	0.19	0.00	0.00	0.00	45368
-0.01	0.99	0.26	0.00	0.00	0.00	45420
0.02	0.86	0.23	0.00	0.00	0.00	45473
0.04	0.87	0.39	0.00	0.00	0.00	45526
-0.01	0.84	0.55	0.00	0.00	0.00	45578
0.03	0.80	0.57	0.00	0.00	0.00	45630
-0.06	0.79	0.66	0.00	0.00	0.00	45684
-0.00	0.66	0.71	0.00	0.00	0.00	45736
-0.09	0.58	0.67	0.00	0.00	0.00	45788
0.01	0.46	0.79	0.00	0.00	0.00	45841
-0.05	0.34	0.85	0.00	0.00	0.00	45894
0.12	0.22	0.99	0.00	0.00	0.00	45946
0.05	0.21	0.97	0.00	0.00	0.00	45999
0.04	0.07	0.89	0.00	0.00	0.00	46051
0.14	-0.08	0.94	0.00	0.00	0.00	46103
0.06	-0.12	0.94	0.00	0.00	0.00	46157
0.03	-0.24	0.89	0.00	0.00	0.00	46209
0.05	-0.31	0.89	0.00	0.00	0.00	46261
0.07	-0.43	0.88	0.00	0.00	0.00	46314
-0.02	-0.51	0.79	0.00	0.00	0.00	46367
0.09	-0.60	0.71	0.00	0.00	0.00	46420
0.01	-0.61	0.68	0.00	0.00	0.00	46472
0.02	-0.70	0.59	0.00	0.00	0.00	46524
0.10	-0.78	0.53	0.00	0.00	0.00	46578
-0.03	-0.77	0.57	0.00	0.00	0.00	46630
0.03	-0.85	0.50	0.00	0.00	0.00	46682
-0.05	-0.89	0.36	0.00	0.00	0.00	46735
0.06	-0.92	0.38	0.00	0.00	0.00	46787
0.03	-0.88	0.33	0.00	0.00	0.00	46840
0.04	-0.91	0.27	0.00	0.00	0.00	46893
0.10	-1.00	0.22	0.00	0.00	0.00	46945
0.04	-0.99	0.19	0.00	0.00	0.00	46997
-0.01	-0.93	0.15	0.00	0.00	0.00	47051
0.06	-1.02	0.07	0.00	0.00	0.00	47103
0.03	-0.98	0.14	0.00	0.00	0.00	47156
0.07	-0.98	0.09	0.00	0.00	0.00	47208
0.08	-0.98	0.03	0.00	0.00	0.00	47261
0.05	-0.95	-0.01	0.00	0.00	0.00	47314
0.04	-0.97	0.01	0.00	0.00	0.00	47366
0.03	-0.98	0.05	0.00	0.00	0.00	47418
0.03	-1.00	-0.01	0.00	0.00	0.00	47472
0.02	-1.02	0.01	0.00	0.00	0.00	47524
0.05	-1.00	-0.01	0.00	0.00	0.00	47576
0.01	-1.01	0.00	0.00	0.00	0.00	47629
0.05	-1.01	0.02	0.00	0.00	0.00	47681
0.03	-1.00	0.01	0.00	0.00	0.00	47734
0.03	-1.00	-0.03	0.00	0.00	0.00	47787
0.01	-0.97	0.00	0.00	0.00	0.00	47839
0.05	-0.99	0.01	0.00	0.00	0.00	47891
0.05	-1.01	-0.01	0.00	0.00	0.00	47945
0.05	-1.00	-0.02	0.00	0.00	0.00	47997
0.04	-0.97	0.02	0.00	0.00	0.00	48049
-0.01	-0.96	-0.02	0.00	0.00	0.00	48102
0.04	-0.99	0.01	0.00	0.00	0.00	48155
0.02	-1.00	-0.00	0.00	0.00	0.00	48207
0.05	-1.00	0.01	0.00	0.00	0.00	48260
0.04	-1.01	-0.01	0.00	0.00	0.00	48312
0.02	-0.99	-0.00	0.00	0.00	0.00	48364
0.04	-0.98	0.01	0.00	0.00	0.00	48418
0.00	-0.97	-0.00	0.00	0.00	0.00	48470
0.04	-0.98	0.01	0.00	0.00	0.00	48522
0.02	-1.00	-0.02	0.00	0.00	0.00	48575
0.04	-1.02	0.01	0.00	0.00	0.00	48628
0.03	-0.99	0.02	0.00	0.00	0.00	48680
0.03	-0.98	-0.01	0.00	0.00	0.00	48733
0.02	-0.99	0.00	0.00	0.00	0.00	48785
0.04	-0.98	-0.00	0.00	0.00	0.00	48838
0.04	-1.00	-0.01	0.00	0.00	0.00	48891
0.04	-1.00	0.00	0.00	0.00	0.00	48943
0.03	-1.00	-0.03	0.00	0.00	0.00	48995
0.05	-0.99	-0.02	0.00	0.00	0.00	49048
0.03	-0.98	-0.02	0.00	0.00	0.00	49101
0.03	-0.99	-0.01	0.00	0.00	0.00	49153
0.03	-1.00	-0.00	0.00	0.00	0.00	49206
0.04	-1.00	-0.00	0.00	0.00	0.00	49258
0.04	-1.01	-0.03	0.00	0.00	0.00	49312
0.05	-0.98	-0.01	0.00	0.00	0.00	49364
0.04	-0.99	-0.01	0.00	0.00	0.00	49416
0.03	-0.99	0.01	0.00	0.00	0.00	49469
0.05	-1.00	0.00	0.00	0.00	0.00	49522
0.04	-0.99	0.02	0.00	0.00	0.00	49574
0.04	-0.99	-0.00	0.00	0.00	0.00	49627
0.04	-0.98	0.01	0.00	0.00	0.00	49679
0.05	-1.00	-0.01	0.00	0.00	0.00	49731
0.05	-0.99	0.00	0.00	0.00	0.00	49785
0.04	-0.97	0.00	0.00	0.00	0.00	49837
0.06	-1.00	-0.01	0.00	0.00	0.00	49889
0.05	-0.99	0.01	0.00	0.00	0.00	49942
0.05	-0.99	-0.00	0.00	0.00	0.00	49995
0.05	-0.99	0.00	0.00	0.00	0.00	50047
0.05	-0.99	-0.00	0.00	0.00	0.00	50100
0.04	-0.99	-0.01	0.00	0.00	0.00	50152
0.04	-0.99	0.01	0.00	0.00	0.00	50205
0.05	-0.99	0.01	0.00	0.00	0.00	50258
0.05	-0.99	0.02	0.00	0.00	0.00	50310
0.05	-0.99	0.01	0.00	0.00	0.00	50362
0.05	-0.99	0.01	0.00	0.00	0.00	50416
0.05	-0.99	-0.00	0.00	0.00	0.00	50468
0.04	-0.99	0.00	0.00	0.00	0.00	50520
0.04	-1.00	0.02	0.00	0.00	0.00	50573
0.04	-1.00	0.01	0.00	0.00	0.00	50625
0.05	-0.99	-0.01	0.00	0.00	0.00	50678
0.05	-0.99	-0.02	0.00	0.00	0.00	50731
0.06	-0.99	-0.01	0.00	0.00	0.00	50783
0.05	-1.00	0.01	0.00	0.00	0.00	50835
0.05	-0.99	0.03	0.00	0.00	0.00	50889
0.07	-0.99	0.03	0.00	0.00	0.00	50941
0.05	-0.98	-0.01	0.00	0.00	0.00	50993
0.05	-0.98	0.00	0.00	0.00	0.00	51046
0.05	-1.00	-0.02	0.00	0.00	0.00	51099
0.06	-0.98	0.01	0.00	0.00	0.00	51151
0.06	-0.99	0.01	0.00	0.00	0.00	51204
0.06	-0.98	-0.01	0.00	0.00	0.00	51256
0.05	-1.00	-0.02	0.00	0.00	0.00	51309
0.06	-0.98	-0.00	0.00	0.00	0.00	51362
0.05	-0.99	0.00	0.00	0.00	0.00	51414
0.05	-1.01	-0.00	0.00	0.00	0.00	51467
0.06	-0.98	-0.03	0.00	0.00	0.00	51519
0.07	-0.98	-0.02	0.00	0.00	0.00	51572
0.05	-1.00	-0.02	0.00	0.00	0.00	51625
0.06	-0.99	-0.00	0.00	0.00	0.00	51677
0.06	-0.99	-0.00	0.00	0.00	0.00	51729
0.05	-0.99	0.00	0.00	0.00	0.00	51783
0.05	-1.00	0.02	0.00	0.00	0.00	51835
0.05	-0.99	-0.01	0.00	0.00	0.00	51887
0.06	-0.99	-0.01	0.00	0.00	0.00	51940
0.05	-1.00	-0.04	0.00	0.00	0.00	51992
0.06	-1.00	-0.02	0.00	0.00	0.00	52045
0.07	-0.98	-0.01	0.00	0.00	0.00	52098
0.05	-0.98	-0.02	0.00	0.00	0.00	52150
0.05	-1.00	-0.02	0.00	0.00	0.00	52202
0.07	-0.99	-0.02	0.00	0.00	0.00	52256
0.06	-0.99	-0.03	0.00	0.00	0.00	52308
0.07	-0.99	-0.03	0.00	0.00	0.00	52360
0.06	-0.99	-0.00	0.00	0.00	0.00	52413
0.06	-1.00	0.02	0.00	0.00	0.00	52466
0.06	-0.98	0.01	0.00	0.00	0.00	52518
0.05	-1.00	-0.01	0.00	0.00	0.00	52571
0.07	-1.00	-0.02	0.00	0.00	0.00	52623
0.07	-0.99	-0.02	0.00	0.00	0.00	52675
0.06	-1.00	0.02	0.00	0.00	0.00	52729
0.06	-0.99	0.02	0.00	0.00	0.00	52781
0.05	-0.98	0.04	0.00	0.00	0.00	52833
0.05	-0.99	0.01	0.00	0.00	0.00	52886
0.05	-0.99	-0.01	0.00	0.00	0.00	52939
0.06	-0.98	0.00	0.00	0.00	0.00	52992
0.06	-1.00	0.00	0.00	0.00	0.00	53044
0.07	-1.00	-0.01	0.00	0.00	0.00	53096
0.06	-0.99	0.00	0.00	0.00	0.00	53150
0.06	-1.00	-0.01	0.00	0.00	0.00	53202
0.07	-0.99	0.00	0.00	0.00	0.00	53254
0.07	-0.99	0.01	0.00	0.00	0.00	53307
0.05	-1.00	-0.00	0.00	0.00	0.00	53360
0.06	-0.99	-0.02	0.00	0.00	0.00	53412
0.06	-0.98	-0.02	0.00	0.00	0.00	53465
0.06	-1.01	0.00	0.00	0.00	0.00	53517
0.06	-1.00	-0.01	0.00	0.00	0.00	53569
0.06	-0.98	0.00	0.00	0.00	0.00	53623
0.05	-0.98	-0.02	0.00	0.00	0.00	53675
0.06	-1.00	0.00	0.00	0.00	0.00	53727
0.07	-0.98	-0.01	0.00	0.00	0.00	53780
0.05	-0.99	0.01	0.00	0.00	0.00	53833
0.06	-0.99	0.03	0.00	0.00	0.00	53885
0.06	-0.98	0.03	0.00	0.00	0.00	53938
0.06	-1.00	-0.01	0.00	0.00	0.00	53990
0.06	-1.00	-0.07	0.00	0.00	0.00	54043
0.08	-1.00	-0.08	0.00	0.00	0.00	54096
0.07	-0.99	-0.04	0.00	0.00	0.00	54148
0.07	-1.01	-0.05	0.00	0.00	0.00	54200
0.08	-0.99	-0.03	0.00	0.00	0.00	54253
0.07	-0.99	-0.04	0.00	0.00	0.00	54306
0.07	-0.99	-0.02	0.00	0.00	0.00	54358
0.09	-0.98	0.02	0.00	0.00	0.00	54411
0.05	-1.00	-0.01	0.00	0.00	0.00	54463
0.07	-0.98	-0.01	0.00	0.00	0.00	54516
0.05	-1.02	-0.01	0.00	0.00	0.00	54569
0.05	-1.00	-0.00	0.00	0.00	0.00	54621
0.05	-0.98	-0.03	0.00	0.00	0.00	54674
0.07	-0.99	0.03	0.00	0.00	0.00	54727
0.04	-0.98	0.01	0.00	0.00	0.00	54779
0.07	-0.99	0.01	0.00	0.00	0.00	54832
0.04	-0.99	-0.01	0.00	0.00	0.00	54884
0.07	-0.99	0.06	0.00	0.00	0.00	54936
0.02	-0.98	0.04	0.00	0.00	0.00	54990
0.07	-0.99	0.03	0.00	0.00	0.00	55042
0.06	-0.99	0.04	0.00	0.00	0.00	55094
0.06	-0.99	0.02	0.00	0.00	0.00	55147
0.06	-0.99	0.02	0.00	0.00	0.00	55200
0.05	-0.98	0.05	0.00	0.00	0.00	55252
0.05	-0.98	0.06	0.00	0.00	0.00	55305
0.04	-0.99	0.05	0.00	0.00	0.00	55357
0.05	-0.99	0.03	0.00	0.00	0.00	55410
0.04	-0.98	0.06	0.00	0.00	0.00	55463
0.06	-1.00	0.07	0.00	0.00	0.00	55515
0.05	-0.98	0.06	0.00	0.00	0.00	55567
0.05	-0.99	0.05	0.00	0.00	0.00	55620
0.09	-1.00	0.01	0.00	0.00	0.00	55673
0.06	-0.99	0.08	0.00	0.00	0.00	55725
0.01	-0.99	0.05	0.00	0.00	0.00	55778
0.11	-0.99	0.06	0.00	0.00	0.00	55830
0.01	-1.03	-0.07	0.00	0.00	0.00	55883
0.06	-0.99	-0.03	0.00	0.00	0.00	55936
0.01	-0.98	0.05	0.00	0.00	0.00	55988
0.06	-1.00	-0.04	0.00	0.00	0.00	56040
0.02	-1.00	0.04	0.00	0.00	0.00	56094
0.05	-0.99	-0.09	0.00	0.00	0.00	56146
0.10	-1.00	0.07	0.00	0.00	0.00	56198
0.05	-1.01	-0.08	0.00	0.00	0.00	56251
0.02	-0.96	-0.03	0.00	0.00	0.00	56304
-0.01	-1.03	0.18	0.00	0.00	0.00	56357
-0.04	-0.94	-0.26	0.00	0.00	0.00	56409
-0.03	-1.00	0.14	0.00	0.00	0.00	56461
-0.02	-0.92	-0.09	0.00	0.00	0.00	56514
0.04	-1.08	-0.06	0.00	0.00	0.00	56567
0.08	-1.10	-0.10	0.00	0.00	0.00	56619
0.09	-1.03	-0.06	0.00	0.00	0.00	56672
-0.03	-1.16	-0.02	0.00	0.00	0.00	56724
0.24	-1.02	0.07	0.00	0.00	0.00	56777
-0.06	-1.10	0.00	0.00	0.00	0.00	56830
-0.00	-1.08	-0.12	0.00	0.00	0.00	56882
0.07	-1.03	-0.17	0.00	0.00	0.00	56934
-0.01	-0.90	-0.28	0.00	0.00	0.00	56988
-0.02	-0.91	-0.38	0.00	0.00	0.00	57040
0.01	-0.78	-0.48	0.00	0.00	0.00	57093
-0.04	-0.86	-0.57	0.00	0.00	0.00	57145
0.02	-0.84	-0.69	0.00	0.00	0.00	57197
-0.10	-0.77	-0.76	0.00	0.00	0.00	57251
0.03	-0.68	-0.84	0.00	0.00	0.00	57303
0.03	-0.58	-0.87	0.00	0.00	0.00	57355
-0.07	-0.53	-0.87	0.00	0.00	0.00	57408
-0.03	-0.48	-0.93	0.00	0.00	0.00	57461
-0.03	-0.39	-0.93	0.00	0.00	0.00	57514
-0.05	-0.38	-1.01	0.00	0.00	0.00	57566
-0.03	-0.31	-1.02	0.00	0.00	0.00	57618
-0.05	-0.18	-1.06	0.00	0.00	0.00	57672
-0.01	-0.23	-1.05	0.00	0.00	0.00	57724
-0.07	-0.12	-1.08	0.00	0.00	0.00	57776
0.03	-0.12	-1.04	0.00	0.00	0.00	57829
0.05	-0.03	-1.08	0.00	0.00	0.00	57881
0.04	-0.05	-1.08	0.00	0.00	0.00	57934
0.06	-0.06	-1.13	0.00	0.00	0.00	57987
-0.04	0.06	-1.09	0.00	0.00	0.00	58039
0.03	0.02	-1.07	0.00	0.00	0.00	58092
-0.03	0.09	-1.07	0.00	0.00	0.00	58145
0.04	0.05	-1.07	0.00	0.00	0.00	58197
0.07	0.02	-1.09	0.00	0.00	0.00	58250
0.03	0.07	-1.08	0.00	0.00	0.00	58302
0.03	0.05	-1.07	0.00	0.00	0.00	58355
0.05	0.05	-1.10	0.00	0.00	0.00	58408
-0.01	0.05	-1.07	0.00	0.00	0.00	58460
0.04	0.04	-1.09	0.00	0.00	0.00	58512
0.01	0.07	-1.08	0.00	0.00	0.00	58566
0.04	0.05	-1.07	0.00	0.00	0.00	58618
0.07	0.06	-1.09	0.00	0.00	0.00	58670
0.03	0.09	-1.07	0.00	0.00	0.00	58723
0.07	0.03	-1.08	0.00	0.00	0.00	58775
0.01	0.05	-1.12	0.00	0.00	0.00	58828
0.05	0.06	-1.06	0.00	0.00	0.00	58881
0.02	0.03	-1.08	0.00	0.00	0.00	58933
0.05	0.10	-1.05	0.00	0.00	0.00	58985
0.04	0.04	-1.07	0.00	0.00	0.00	59039
0.05	0.04	-1.08	0.00	0.00	0.00	59091
0.01	0.13	-1.07	0.00	0.00	0.00	59143
0.04	0.03	-1.08	0.00	0.00	0.00	59196
0.04	0.05	-1.11	0.00	0.00	0.00	59249
0.02	0.09	-1.08	0.00	0.00	0.00	59301
0.02	0.07	-1.08	0.00	0.00	0.00	59354
0.04	0.08	-1.08	0.00	0.00	0.00	59406
0.00	0.08	-1.08	0.00	0.00	0.00	59459
0.03	0.06	-1.08	0.00	0.00	0.00	59512
0.02	0.08	-1.07	0.00	0.00	0.00	59564
0.04	0.08	-1.07	0.00	0.00	0.00	59617
0.03	0.05	-1.08	0.00	0.00	0.00	59669
0.01	0.10	-1.07	0.00	0.00	0.00	59722
0.02	0.06	-1.08	0.00	0.00	0.00	59775
0.00	0.10	-1.08	0.00	0.00	0.00	59827
0.04	0.06	-1.09	0.00	0.00	0.00	59879
0.06	0.08	-1.08	0.00	0.00	0.00	59933
-0.04	0.04	-1.07	0.00	0.00	0.00	59985
0.03	0.07	-1.08	0.00	0.00	0.00	60037
0.05	0.05	-1.10	0.00	0.00	0.00	60090
-0.00	0.05	-1.09	0.00	0.00	0.00	60142
0.02	0.07	-1.06	0.00	0.00	0.00	60195
0.02	0.06	-1.08	0.00	0.00	0.00	60248
0.02	0.06	-1.08	0.00	0.00	0.00	60300
0.02	0.05	-1.08	0.00	0.00	0.00	60352
0.03	0.06	-1.08	0.00	0.00	0.00	60406
-0.00	0.07	-1.08	0.00	0.00	0.00	60458
-0.02	0.06	-1.09	0.00	0.00	0.00	60510
0.05	0.06	-1.08	0.00	0.00	0.00	60563
0.01	0.06	-1.09	0.00	0.00	0.00	60616
-0.00	0.07	-1.09	0.00	0.00	0.00	60668
-0.00	0.07	-1.09	0.00	0.00	0.00	60721
-0.02	0.08	-1.08	0.00	0.00	0.00	60773
0.05	0.08	-1.07	0.00	0.00	0.00	60825
-0.02	0.10	-1.08	0.00	0.00	0.00	60879
0.00	0.09	-1.08	0.00	0.00	0.00	60931
0.03	0.07	-1.07	0.00	0.00	0.00	60984
0.01	0.10	-1.10	0.00	0.00	0.00	61036
-0.01	0.10	-1.08	0.00	0.00	0.00	61089
0.02	0.10	-1.07	0.00	0.00	0.00	61142
-0.00	0.11	-1.08	0.00	0.00	0.00	61194
0.03	0.09	-1.09	0.00	0.00	0.00	61246
0.00	0.10	-1.08	0.00	0.00	0.00	61300
0.01	0.10	-1.06	0.00	0.00	0.00	61352
0.02	0.10	-1.07	0.00	0.00	0.00	61404
-0.01	0.09	-1.10	0.00	0.00	0.00	61457
0.02	0.12	-1.08	0.00	0.00	0.00	61510
-0.01	0.07	-1.08	0.00	0.00	0.00	61562
0.02	0.12	-1.06	0.00	0.00	0.00	61615
0.03	0.09	-1.07	0.00	0.00	0.00	61667
0.01	0.10	-1.07	0.00	0.00	0.00	61719
0.01	0.10	-1.07	0.00	0.00	0.00	61773
-0.01	0.11	-1.07	0.00	0.00	0.00	61825
0.00	0.10	-1.08	0.00	0.00	0.00	61877
0.03	0.09	-1.09	0.00	0.00	0.00	61930
0.01	0.09	-1.08	0.00	0.00	0.00	61983
0.01	0.09	-1.10	0.00	0.00	0.00	62036
-0.00	0.10	-1.08	0.00	0.00	0.00	62088
0.01	0.08	-1.08	0.00	0.00	0.00	62140
-0.01	0.10	-1.06	0.00	0.00	0.00	62194
0.01	0.08	-1.07	0.00	0.00	0.00	62246
0.00	0.09	-1.09	0.00	0.00	0.00	62298
0.01	0.08	-1.09	0.00	0.00	0.00	62351
-0.01	0.08	-1.09	0.00	0.00	0.00	62403
0.01	0.08	-1.08	0.00	0.00	0.00	62456
0.00	0.08	-1.07	0.00	0.00	0.00	62509
-0.00	0.08	-1.09	0.00	0.00	0.00	62561
0.01	0.06	-1.09	0.00	0.00	0.00	62613
0.01	0.07	-1.08	0.00	0.00	0.00	62667
-0.00	0.07	-1.09	0.00	0.00	0.00	62719
-0.00	0.06	-1.09	0.00	0.00	0.00	62771
-0.01	0.07	-1.08	0.00	0.00	0.00	62824
0.01	0.05	-1.07	0.00	0.00	0.00	62877
0.01	0.04	-1.07	0.00	0.00	0.00	62929
0.01	0.06	-1.07	0.00	0.00	0.00	62982
-0.00	0.05	-1.09	0.00	0.00	0.00	63034
0.01	0.04	-1.09	0.00	0.00	0.00	63086
0.01	0.05	-1.08	0.00	0.00	0.00	63140
0.00	0.05	-1.08	0.00	0.00	0.00	63192
-0.02	0.05	-1.08	0.00	0.00	0.00	63244
0.01	0.05	-1.08	0.00	0.00	0.00	63297
0.00	0.06	-1.08	0.00	0.00	0.00	63350
0.02	0.04	-1.07	0.00	0.00	0.00	63402
0.00	0.05	-1.09	0.00	0.00	0.00	63455
0.01	0.04	-1.09	0.00	0.00	0.00	63507
0.00	0.04	-1.09	0.00	0.00	0.00	63561
0.01	0.06	-1.07	0.00	0.00	0.00	63613
-0.02	0.04	-1.06	0.00	0.00	0.00	63665
0.02	0.04	-1.08	0.00	0.00	0.00	63718
0.01	0.04	-1.07	0.00	0.00	0.00	63771
0.01	0.02	-1.08	0.00	0.00	0.00	63823
-0.01	0.04	-1.09	0.00	0.00	0.00	63876
-0.01	0.04	-1.08	0.00	0.00	0.00	63928
0.01	0.04	-1.09	0.00	0.00	0.00	63980
0.00	0.03	-1.08	0.00	0.00	0.00	64034
-0.01	0.03	-1.09	0.00	0.00	0.00	64086
0.01	0.04	-1.08	0.00	0.00	0.00	64138
-0.00	0.02	-1.07	0.00	0.00	0.00	64191
0.02	0.02	-1.09	0.00	0.00	0.00	64244
-0.01	0.02	-1.08	0.00	0.00	0.00	64296
0.00	0.03	-1.08	0.00	0.00	0.00	64349
0.01	0.01	-1.09	0.00	0.00	0.00	64401
-0.00	0.03	-1.09	0.00	0.00	0.00	64454
0.03	0.02	-1.08	0.00	0.00	0.00	64507
0.01	0.02	-1.09	0.00	0.00	0.00	64559
0.01	0.03	-1.07	0.00	0.00	0.00	64611
0.02	0.02	-1.08	0.00	0.00	0.00	64664
0.01	0.00	-1.08	0.00	0.00	0.00	64717
0.01	0.00	-1.08	0.00	0.00	0.00	64769
0.01	-0.01	-1.08	0.00	0.00	0.00	64822
-0.01	-0.01	-1.08	0.00	0.00	0.00	64874
-0.00	-0.01	-1.08	0.00	0.00	0.00	64927
0.00	-0.01	-1.09	0.00	0.00	0.00	64980
-0.01	-0.00	-1.08	0.00	0.00	0.00	65032
0.00	0.00	-1.09	0.00	0.00	0.00	65085
0.00	-0.01	-1.09	0.00	0.00	0.00	65138
0.00	0.01	-1.08	0.00	0.00	0.00	65190
0.01	-0.00	-1.08	0.00	0.00	0.00	65243
-0.00	0.01	-1.08	0.00	0.00	0.00	65295
0.01	-0.00	-1.09	0.00	0.00	0.00	65347
0.00	-0.02	-1.08	0.00	0.00	0.00	65401
0.01	0.00	-1.07	0.00	0.00	0.00	65453
-0.02	-0.02	-1.07	0.00	0.00	0.00	65505
0.00	0.01	-1.08	0.00	0.00	0.00	65558
0.00	0.01	-1.10	0.00	0.00	0.00	65611
-0.03	-0.06	-1.09	0.00	0.00	0.00	65663
0.05	-0.02	-1.08	0.00	0.00	0.00	65716
0.05	-0.03	-1.08	0.00	0.00	0.00	65768
0.01	-0.07	-1.07	0.00	0.00	0.00	65821
-0.01	-0.01	-1.07	0.00	0.00	0.00	65874
0.01	-0.02	-1.07	0.00	0.00	0.00	65926
-0.02	-0.07	-1.06	0.00	0.00	0.00	65978
0.00	-0.07	-1.11	0.00	0.00	0.00	66032
0.03	-0.07	-1.10	0.00	0.00	0.00	66084
-0.01	-0.11	-1.09	0.00	0.00	0.00	66136
0.00	-0.06	-1.07	0.00	0.00	0.00	66189
0.01	-0.05	-1.08	0.00	0.00	0.00	66241
0.01	-0.06	-1.07	0.00	0.00	0.00	66294
-0.01	-0.04	-1.09	0.00	0.00	0.00	66347
0.01	-0.03	-1.08	0.00	0.00	0.00	66399
0.01	-0.05	-1.08	0.00	0.00	0.00	66452
0.03	-0.03	-1.08	0.00	0.00	0.00	66505
0.01	-0.02	-1.07	0.00	0.00	0.00	66557
0.02	-0.02	-1.07	0.00	0.00	0.00	66610
0.03	-0.01	-1.07	0.00	0.00	0.00	66662
0.02	-0.03	-1.08	0.00	0.00	0.00	66715
0.03	-0.01	-1.08	0.00	0.00	0.00	66768
0.02	-0.00	-1.08	0.00	0.00	0.00	66820
0.04	-0.03	-1.09	0.00	0.00	0.00	66872
0.04	-0.01	-1.07	0.00	0.00	0.00	66925
0.02	0.01	-1.09	0.00	0.00	0.00	66978
0.06	-0.01	-1.09	0.00	0.00	0.00	67030
0.03	-0.01	-1.09	0.00	0.00	0.00	67083
0.04	0.00	-1.08	0.00	0.00	0.00	67135
0.04	0.01	-1.06	0.00	0.00	0.00	67188
-0.00	-0.02	-1.06	0.00	0.00	0.00	67241
0.06	-0.07	-1.11	0.00	0.00	0.00	67293
0.02	-0.02	-1.10	0.00	0.00	0.00	67345
0.03	-0.04	-1.07	0.00	0.00	0.00	67399
0.01	-0.03	-1.08	0.00	0.00	0.00	67451
0.01	-0.04	-1.09	0.00	0.00	0.00	67503
0.03	-0.04	-1.09	0.00	0.00	0.00	67556
0.01	-0.03	-1.09	0.00	0.00	0.00	67608
0.02	-0.03	-1.08	0.00	0.00	0.00	67661
0.04	-0.01	-1.07	0.00	0.00	0.00	67714
0.02	-0.04	-1.08	0.00	0.00	0.00	67766
0.02	-0.04	-1.10	0.00	0.00	0.00	67819
0.01	-0.00	-1.06	0.00	0.00	0.00	67872
0.01	-0.06	-1.06	0.00	0.00	0.00	67924
0.03	0.00	-1.03	0.00	0.00	0.00	67977
0.01	-0.07	-1.12	0.00	0.00	0.00	68029
-0.01	-0.18	-1.14	0.00	0.00	0.00	68082
-0.01	-0.27	-1.12	0.00	0.00	0.00	68135
-0.03	-0.35	-1.01	0.00	0.00	0.00	68187
-0.06	-0.29	-0.88	0.00	0.00	0.00	68239
0.03	-0.53	-0.91	0.00	0.00	0.00	68292
-0.08	-0.57	-0.85	0.00	0.00	0.00	68345
-0.14	-0.88	-0.67	0.00	0.00	0.00	68398
0.00	-0.90	-0.65	0.00	0.00	0.00	68450
-0.10	-0.97	-0.45	0.00	0.00	0.00	68502
-0.00	-0.94	-0.28	0.00	0.00	0.00	68556
-0.06	-1.05	-0.12	0.00	0.00	0.00	68608
0.03	-0.92	0.16	0.00	0.00	0.00	68660
-0.01	-0.71	0.21	0.00	0.00	0.00	68713
0.15	-0.76	0.34	0.00	0.00	0.00	68766
0.23	-0.83	0.45	0.00	0.00	0.00	68818
0.21	-0.89	0.66	0.00	0.00	0.00	68871
0.16	-0.74	0.72	0.00	0.00	0.00	68923
0.11	-0.52	0.73	0.00	0.00	0.00	68977
0.00	-0.36	0.77	0.00	0.00	0.00	69029
0.17	-0.40	0.73	0.00	0.00	0.00	69081
0.11	-0.51	0.86	0.00	0.00	0.00	69134
0.29	-0.50	0.78	0.00	0.00	0.00	69186
0.24	-0.37	0.85	0.00	0.00	0.00	69239
0.14	-0.38	0.88	0.00	0.00	0.00	69292
0.34	-0.43	0.70	0.00	0.00	0.00	69344
0.08	-0.44	0.84	0.00	0.00	0.00	69396
0.14	-0.38	0.96	0.00	0.00	0.00	69450
0.11	-0.33	0.84	0.00	0.00	0.00	69502
0.03	-0.23	0.88	0.00	0.00	0.00	69555
-0.01	-0.34	0.81	0.00	0.00	0.00	69607
0.19	-0.25	0.60	0.00	0.00	0.00	69660
-0.03	-0.24	1.17	0.00	0.00	0.00	69713
0.20	-0.28	1.03	0.00	0.00	0.00	69765
0.02	-0.24	0.96	0.00	0.00	0.00	69817
0.04	-0.20	0.72	0.00	0.00	0.00	69870
0.11	0.02	1.17	0.00	0.00	0.00	69923
-0.29	-0.07	0.91	0.00	0.00	0.00	69975
-0.03	0.05	1.10	0.00	0.00	0.00	70028
0.11	-0.19	0.74	0.00	0.00	0.00	70080
-0.03	0.02	1.04	0.00	0.00	0.00	70133
0.06	-0.02	0.93	0.00	0.00	0.00	70186
-0.07	0.01	0.93	0.00	0.00	0.00	70238
0.06	0.02	0.97	0.00	0.00	0.00	70291
0.01	0.04	0.94	0.00	0.00	0.00	70344
0.07	0.07	0.94	0.00	0.00	0.00	70396
0.03	0.06	0.95	0.00	0.00	0.00	70449
0.04	0.06	0.94	0.00	0.00	0.00	70501
0.12	0.07	0.93	0.00	0.00	0.00	70553
-0.01	0.05	0.97	0.00	0.00	0.00	70607
0.02	0.06	0.94	0.00	0.00	0.00	70659
0.04	0.06	0.94	0.00	0.00	0.00	70711
0.04	0.06	0.95	0.00	0.00	0.00	70764
0.03	0.06	0.95	0.00	0.00	0.00	70817
0.03	0.06	0.95	0.00	0.00	0.00	70869
0.03	0.06	0.95	0.00	0.00	0.00	70922
0.03	0.06	0.94	0.00	0.00	0.00	70974
0.04	0.06	0.95	0.00	0.00	0.00	71027
0.04	0.06	0.95	0.00	0.00	0.00	71080
0.03	0.06	0.94	0.00	0.00	0.00	71132
0.03	0.06	0.95	0.00	0.00	0.00	71184
0.03	0.06	0.95	0.00	0.00	0.00	71238
0.04	0.06	0.94	0.00	0.00	0.00	71290
0.03	0.06	0.94	0.00	0.00	0.00	71342
0.04	0.06	0.95	0.00	0.00	0.00	71395
0.04	0.06	0.95	0.00	0.00	0.00	71447
0.04	0.06	0.95	0.00	0.00	0.00	71500
0.03	0.06	0.94	0.00	0.00	0.00	71553
0.03	0.06	0.95	0.00	0.00	0.00	71605
0.03	0.06	0.95	0.00	0.00	0.00	71657
0.04	0.06	0.95	0.00	0.00	0.00	71711
0.04	0.06	0.94	0.00	0.00	0.00	71763
0.03	0.06	0.95	0.00	0.00	0.00	71815
0.03	0.06	0.94	0.00	0.00	0.00	71868
0.03	0.06	0.94	0.00	0.00	0.00	71921
0.03	0.06	0.94	0.00	0.00	0.00	71973
0.04	0.06	0.95	0.00	0.00	0.00	72026
0.03	0.06	0.94	0.00	0.00	0.00	72078
0.03	0.06	0.94	0.00	0.00	0.00	72130
0.03	0.06	0.95	0.00	0.00	0.00	72184
0.04	0.06	0.94	0.00	0.00	0.00	72236
0.03	0.06	0.94	0.00	0.00	0.00	72288
0.04	0.06	0.95	0.00	0.00	0.00	72341
0.04	0.06	0.95	0.00	0.00	0.00	72394
0.03	0.06	0.95	0.00	0.00	0.00	72446
0.03	0.06	0.94	0.00	0.00	0.00	72499
0.03	0.06	0.94	0.00	0.00	0.00	72551
0.03	0.06	0.95	0.00	0.00	0.00	72604
0.03	0.06	0.95	0.00	0.00	0.00	72657
0.03	0.06	0.95	0.00	0.00	0.00	72709
0.03	0.06	0.94	0.00	0.00	0.00	72761
0.03	0.06	0.94	0.00	0.00	0.00	72814
0.04	0.06	0.94	0.00	0.00	0.00	72867
0.03	0.06	0.95	0.00	0.00	0.00	72919
0.03	0.06	0.95	0.00	0.00	0.00	72972
0.03	0.06	0.95	0.00	0.00	0.00	73024
0.03	0.05	0.94	0.00	0.00	0.00	73077
0.03	0.06	0.95	0.00	0.00	0.00	73130
0.03	0.06	0.94	0.00	0.00	0.00	73182
0.03	0.06	0.94	0.00	0.00	0.00	73234
0.03	0.06	0.95	0.00	0.00	0.00	73288
0.03	0.06	0.94	0.00	0.00	0.00	73340
0.03	0.06	0.95	0.00	0.00	0.00	73392
0.03	0.06	0.94	0.00	0.00	0.00	73445
0.03	0.06	0.94	0.00	0.00	0.00	73497
0.03	0.05	0.95	0.00	0.00	0.00	73550
0.03	0.06	0.94	0.00	0.00	0.00	73603
0.03	0.06	0.95	0.00	0.00	0.00	73655
0.03	0.06	0.95	0.00	0.00	0.00	73707
0.03	0.06	0.95	0.00	0.00	0.00	73761
0.03	0.06	0.95	0.00	0.00	0.00	73813
0.03	0.06	0.95	0.00	0.00	0.00	73865
0.03	0.06	0.95	0.00	0.00	0.00	73918
0.03	0.06	0.95	0.00	0.00	0.00	73971
0.03	0.06	0.94	0.00	0.00	0.00	74023
0.03	0.06	0.95	0.00	0.00	0.00	74076
0.03	0.06	0.95	0.00	0.00	0.00	74128
0.03	0.06	0.95	0.00	0.00	0.00	74180
0.03	0.06	0.94	0.00	0.00	0.00	74234
0.03	0.06	0.94	0.00	0.00	0.00	74286
0.03	0.06	0.94	0.00	0.00	0.00	74339
0.03	0.06	0.95	0.00	0.00	0.00	74391
0.03	0.05	0.95	0.00	0.00	0.00	74444
0.03	0.05	0.94	0.00	0.00	0.00	74497
0.03	0.06	0.94	0.00	0.00	0.00	74549
0.03	0.06	0.94	0.00	0.00	0.00	74601
0.03	0.05	0.95	0.00	0.00	0.00	74655
0.03	0.06	0.94	0.00	0.00	0.00	74707
0.03	0.06	0.94	0.00	0.00	0.00	74759
0.03	0.06	0.94	0.00	0.00	0.00	74812
0.03	0.06	0.95	0.00	0.00	0.00	74865
0.03	0.06	0.94	0.00	0.00	0.00	74917
0.03	0.06	0.95	0.00	0.00	0.00	74970
0.03	0.06	0.95	0.00	0.00	0.00	75022
0.03	0.05	0.95	0.00	0.00	0.00	75074
0.03	0.05	0.95	0.00	0.00	0.00	75128
0.02	0.06	0.95	0.00	0.00	0.00	75180
0.03	0.06	0.94	0.00	0.00	0.00	75232
0.03	0.06	0.95	0.00	0.00	0.00	75285
0.03	0.06	0.95	0.00	0.00	0.00	75338
0.03	0.05	0.94	0.00	0.00	0.00	75390
0.03	0.05	0.94	0.00	0.00	0.00	75443
0.02	0.06	0.95	0.00	0.00	0.00	75495
0.03	0.06	0.95	0.00	0.00	0.00	75548
0.03	0.06	0.94	0.00	0.00	0.00	75601
0.03	0.05	0.95	0.00	0.00	0.00	75653
0.03	0.05	0.94	0.00	0.00	0.00	75705
0.03	0.05	0.94	0.00	0.00	0.00	75758
0.03	0.06	0.94	0.00	0.00	0.00	75811
0.03	0.05	0.95	0.00	0.00	0.00	75863
0.03	0.06	0.95	0.00	0.00	0.00	75916
0.03	0.06	0.95	0.00	0.00	0.00	75968
0.03	0.06	0.94	0.00	0.00	0.00	76021
0.03	0.06	0.94	0.00	0.00	0.00	76074
0.03	0.06	0.95	0.00	0.00	0.00	76126
0.03	0.05	0.95	0.00	0.00	0.00	76178
0.03	0.05	0.94	0.00	0.00	0.00	76232
0.03	0.05	0.95	0.00	0.00	0.00	76284
0.03	0.06	0.95	0.00	0.00	0.00	76336
0.03	0.06	0.95	0.00	0.00	0.00	76389
0.03	0.06	0.95	0.00	0.00	0.00	76441
0.03	0.06	0.95	0.00	0.00	0.00	76494
0.03	0.06	0.94	0.00	0.00	0.00	76547
0.03	0.06	0.95	0.00	0.00	0.00	76599
0.03	0.06	0.95	0.00	0.00	0.00	76651
0.03	0.06	0.95	0.00	0.00	0.00	76705
0.03	0.06	0.94	0.00	0.00	0.00	76757
0.03	0.05	0.94	0.00	0.00	0.00	76809
0.03	0.05	0.94	0.00	0.00	0.00	76862
0.02	0.06	0.95	0.00	0.00	0.00	76915
0.03	0.06	0.95	0.00	0.00	0.00	76967
0.03	0.06	0.95	0.00	0.00	0.00	77020
0.03	0.05	0.95	0.00	0.00	0.00	77072
0.03	0.05	0.94	0.00	0.00	0.00	77124
0.03	0.05	0.95	0.00	0.00	0.00	77178
0.03	0.06	0.94	0.00	0.00	0.00	77230
0.03	0.05	0.95	0.00	0.00	0.00	77282
0.03	0.06	0.95	0.00	0.00	0.00	77335
0.03	0.05	0.95	0.00	0.00	0.00	77388
0.03	0.06	0.95	0.00	0.00	0.00	77440
0.03	0.06	0.94	0.00	0.00	0.00	77493
0.03	0.05	0.94	0.00	0.00	0.00	77545
0.03	0.06	0.94	0.00	0.00	0.00	77598
0.03	0.06	0.94	0.00	0.00	0.00	77651
0.03	0.06	0.95	0.00	0.00	0.00	77703
0.03	0.06	0.95	0.00	0.00	0.00	77755
0.03	0.06	0.94	0.00	0.00	0.00	77809
0.03	0.05	0.95	0.00	0.00	0.00	77861
0.03	0.06	0.95	0.00	0.00	0.00	77913
0.03	0.06	0.94	0.00	0.00	0.00	77966
0.03	0.05	0.94	0.00	0.00	0.00	78018
0.03	0.05	0.95	0.00	0.00	0.00	78071
0.03	0.05	0.94	0.00	0.00	0.00	78124
0.03	0.05	0.95	0.00	0.00	0.00	78176
0.03	0.06	0.95	0.00	0.00	0.00	78228
0.03	0.06	0.94	0.00	0.00	0.00	78282
0.03	0.06	0.95	0.00	0.00	0.00	78334
0.03	0.06	0.94	0.00	0.00	0.00	78386
0.03	0.05	0.95	0.00	0.00	0.00	78439
0.03	0.06	0.94	0.00	0.00	0.00	78492
0.03	0.06	0.95	0.00	0.00	0.00	78544
0.03	0.06	0.95	0.00	0.00	0.00	78597
0.03	0.06	0.94	0.00	0.00	0.00	78649
0.03	0.06	0.94	0.00	0.00	0.00	78701
0.03	0.05	0.95	0.00	0.00	0.00	78755
0.03	0.06	0.95	0.00	0.00	0.00	78807
0.03	0.05	0.94	0.00	0.00	0.00	78859
0.03	0.06	0.95	0.00	0.00	0.00	78912
0.03	0.05	0.95	0.00	0.00	0.00	78965
0.03	0.05	0.94	0.00	0.00	0.00	79017
0.03	0.06	0.94	0.00	0.00	0.00	79070
0.03	0.06	0.95	0.00	0.00	0.00	79122
0.03	0.06	0.95	0.00	0.00	0.00	79175
0.03	0.06	0.94	0.00	0.00	0.00	79228
0.03	0.06	0.94	0.00	0.00	0.00	79280
0.03	0.06	0.95	0.00	0.00	0.00	79333
0.03	0.05	0.95	0.00	0.00	0.00	79385
0.03	0.06	0.95	0.00	0.00	0.00	79438
0.03	0.06	0.94	0.00	0.00	0.00	79491
0.03	0.06	0.95	0.00	0.00	0.00	79543
0.02	0.06	0.95	0.00	0.00	0.00	79595
0.03	0.06	0.94	0.00	0.00	0.00	79649
0.03	0.06	0.95	0.00	0.00	0.00	79701
0.03	0.06	0.94	0.00	0.00	0.00	79753
0.03	0.06	0.94	0.00	0.00	0.00	79806
0.03	0.06	0.94	0.00	0.00	0.00	79859
0.03	0.05	0.95	0.00	0.00	0.00	79911
0.03	0.05	0.95	0.00	0.00	0.00	79964
0.03	0.06	0.95	0.00	0.00	0.00	80016
0.03	0.06	0.94	0.00	0.00	0.00	80068
0.03	0.06	0.94	0.00	0.00	0.00	80122
0.03	0.06	0.95	0.00	0.00	0.00	80174
0.03	0.06	0.95	0.00	0.00	0.00	80226
0.03	0.06	0.94	0.00	0.00	0.00	80279
0.03	0.05	0.94	0.00	0.00	0.00	80332
0.03	0.06	0.94	0.00	0.00	0.00	80384
0.03	0.06	0.95	0.00	0.00	0.00	80437
0.03	0.06	0.94	0.00	0.00	0.00	80489
0.03	0.06	0.94	0.00	0.00	0.00	80542
0.03	0.06	0.94	0.00	0.00	0.00	80595
0.03	0.06	0.94	0.00	0.00	0.00	80647
0.03	0.06	0.94	0.00	0.00	0.00	80699
0.03	0.06	0.94	0.00	0.00	0.00	80753
0.03	0.06	0.94	0.00	0.00	0.00	80805
0.03	0.06	0.95	0.00	0.00	0.00	80857
0.03	0.06	0.95	0.00	0.00	0.00	80910
0.03	0.06	0.94	0.00	0.00	0.00	80962
0.03	0.06	0.95	0.00	0.00	0.00	81015
0.03	0.06	0.94	0.00	0.00	0.00	81068
0.03	0.06	0.95	0.00	0.00	0.00	81120
0.03	0.05	0.95	0.00	0.00	0.00	81172
0.03	0.06	0.94	0.00	0.00	0.00	81226
0.03	0.06	0.94	0.00	0.00	0.00	81278
0.03	0.06	0.95	0.00	0.00	0.00	81330
0.03	0.06	0.95	0.00	0.00	0.00	81383
0.03	0.05	0.94	0.00	0.00	0.00	81436
0.03	0.06	0.95	0.00	0.00	0.00	81488
0.03	0.05	0.95	0.00	0.00	0.00	81541
0.03	0.06	0.94	0.00	0.00	0.00	81593
0.03	0.06	0.95	0.00	0.00	0.00	81645
0.03	0.06	0.95	0.00	0.00	0.00	81699
0.03	0.06	0.95	0.00	0.00	0.00	81751
0.03	0.06	0.95	0.00	0.00	0.00	81803
0.03	0.06	0.94	0.00	0.00	0.00	81856
0.03	0.06	0.94	0.00	0.00	0.00	81909
0.03	0.06	0.95	0.00	0.00	0.00	81961
0.03	0.06	0.95	0.00	0.00	0.00	82014
0.03	0.06	0.95	0.00	0.00	0.00	82066
0.03	0.06	0.94	0.00	0.00	0.00	82119
0.03	0.06	0.95	0.00	0.00	0.00	82172
0.03	0.06	0.95	0.00	0.00	0.00	82224
0.03	0.06	0.94	0.00	0.00	0.00	82276
0.03	0.06	0.95	0.00	0.00	0.00	82329
0.03	0.06	0.94	0.00	0.00	0.00	82382
0.03	0.06	0.94	0.00	0.00	0.00	82434
0.03	0.06	0.94	0.00	0.00	0.00	82487
0.03	0.06	0.94	0.00	0.00	0.00	82539
0.03	0.06	0.94	0.00	0.00	0.00	82592
0.03	0.06	0.94	0.00	0.00	0.00	82645